// MilkShape 3D ASCII

Frames: 30
Frame: 1

Meshes: 3
"Regroup07" 0 0
280
0 -5.608248 6.855469 -248.906281 1.000000 0.000000 -1
0 5.360502 -6.855469 -248.906281 0.000000 1.000000 -1
0 5.360502 6.855469 -248.906281 0.000000 0.000000 -1
0 -5.608248 -6.855469 -248.906281 1.000000 1.000000 -1
0 -5.608248 6.855469 -259.875031 1.000000 0.000000 -1
0 -5.608248 -6.855469 -248.906281 0.000000 1.000000 -1
0 -5.608248 6.855469 -248.906281 0.000000 0.000000 -1
0 -5.608248 -6.855469 -259.875031 1.000000 1.000000 -1
0 5.360502 6.855469 -259.875031 1.000000 0.000000 -1
0 -5.608248 -6.855469 -259.875031 0.000000 1.000000 -1
0 -5.608248 6.855469 -259.875031 0.000000 0.000000 -1
0 5.360502 -6.855469 -259.875031 1.000000 1.000000 -1
0 5.360502 6.855469 -248.906281 1.000000 0.000000 -1
0 5.360502 -6.855469 -259.875031 0.000000 1.000000 -1
0 5.360502 6.855469 -259.875031 0.000000 0.000000 -1
0 5.360502 -6.855469 -248.906281 1.000000 1.000000 -1
0 5.360502 6.855469 -248.906281 0.000000 1.000000 -1
0 -5.608248 6.855469 -248.906281 1.000000 1.000000 -1
0 -5.608248 -6.855469 -248.906281 1.000000 0.000000 -1
0 5.360502 -6.855469 -248.906281 0.000000 0.000000 -1
0 -5.608248 15.921768 -246.408020 1.000000 0.000000 -1
0 5.360502 2.678009 -249.246979 0.000000 1.000000 -1
0 5.360502 15.921768 -246.408020 0.000000 0.000000 -1
0 -5.608248 2.678009 -249.246979 1.000000 1.000000 -1
0 -5.608248 19.470423 -257.003021 1.000000 0.000000 -1
0 -5.608248 2.678009 -249.246979 0.000000 1.000000 -1
0 -5.608248 15.921768 -246.408020 0.000000 0.000000 -1
0 -5.608248 6.226671 -259.841980 1.000000 1.000000 -1
0 5.360502 19.470423 -257.003021 1.000000 0.000000 -1
0 -5.608248 6.226671 -259.841980 0.000000 1.000000 -1
0 -5.608248 19.470423 -257.003021 0.000000 0.000000 -1
0 5.360502 6.226671 -259.841980 1.000000 1.000000 -1
0 5.360502 15.921768 -246.408020 1.000000 0.000000 -1
0 5.360502 6.226671 -259.841980 0.000000 1.000000 -1
0 5.360502 19.470423 -257.003021 0.000000 0.000000 -1
0 5.360502 2.678009 -249.246979 1.000000 1.000000 -1
0 5.360502 15.921768 -246.408020 0.000000 1.000000 -1
0 -5.608248 15.921768 -246.408020 1.000000 1.000000 -1
0 -5.608248 2.678009 -249.246979 1.000000 0.000000 -1
0 5.360502 2.678009 -249.246979 0.000000 0.000000 -1
0 8.735502 5.800781 -247.640656 1.000000 0.000000 -1
0 18.016752 -5.800781 -247.640656 0.000000 1.000000 -1
0 18.016752 5.800781 -247.640656 0.000000 0.000000 -1
0 8.735502 -5.800781 -247.640656 1.000000 1.000000 -1
0 8.735502 5.800781 -256.921906 1.000000 0.000000 -1
0 8.735502 -5.800781 -247.640656 0.000000 1.000000 -1
0 8.735502 5.800781 -247.640656 0.000000 0.000000 -1
0 8.735502 -5.800781 -256.921906 1.000000 1.000000 -1
0 18.016752 5.800781 -256.921906 1.000000 0.000000 -1
0 8.735502 -5.800781 -256.921906 0.000000 1.000000 -1
0 8.735502 5.800781 -256.921906 0.000000 0.000000 -1
0 18.016752 -5.800781 -256.921906 1.000000 1.000000 -1
0 18.016752 5.800781 -247.640656 1.000000 0.000000 -1
0 18.016752 -5.800781 -256.921906 0.000000 1.000000 -1
0 18.016752 5.800781 -256.921906 0.000000 0.000000 -1
0 18.016752 -5.800781 -247.640656 1.000000 1.000000 -1
0 18.016752 5.800781 -247.640656 0.000000 1.000000 -1
0 8.735502 5.800781 -247.640656 1.000000 1.000000 -1
0 8.735502 -5.800781 -247.640656 1.000000 0.000000 -1
0 18.016752 -5.800781 -247.640656 0.000000 0.000000 -1
0 2.301908 -20.932137 -246.576202 0.000000 0.000000 -1
0 2.301908 -14.621639 -248.719147 0.000000 1.000000 -1
0 -3.182467 -20.932137 -246.576202 1.000000 0.000000 -1
0 -3.182467 -14.621639 -248.719147 1.000000 1.000000 -1
0 -3.182467 -20.932137 -246.576202 0.000000 0.000000 -1
0 -3.182467 -14.621639 -248.719147 0.000000 1.000000 -1
0 -3.182467 -37.321724 -245.296463 1.000000 0.000000 -1
0 -3.182467 -17.300287 -253.767548 1.000000 1.000000 -1
0 -3.182467 -37.321724 -245.296463 0.000000 0.000000 -1
0 -3.182467 -17.300287 -253.767548 0.000000 1.000000 -1
0 2.301908 -37.321724 -245.296463 1.000000 0.000000 -1
0 2.301908 -17.300287 -253.767548 1.000000 1.000000 -1
0 2.301908 -37.321724 -245.296463 0.000000 0.000000 -1
0 2.301908 -17.300287 -253.767548 0.000000 1.000000 -1
0 2.301908 -20.932137 -246.576202 1.000000 0.000000 -1
0 2.301908 -14.621639 -248.719147 1.000000 1.000000 -1
0 2.301908 -20.932137 -246.576202 0.000000 1.000000 -1
0 -3.182467 -20.932137 -246.576202 1.000000 1.000000 -1
0 2.301908 -14.621639 -248.719147 0.000000 0.000000 -1
0 -3.182467 -14.621639 -248.719147 1.000000 0.000000 -1
0 5.360502 -15.921768 -246.408020 0.000000 0.000000 -1
0 5.360502 -2.678009 -249.246979 0.000000 1.000000 -1
0 -5.608248 -15.921768 -246.408020 1.000000 0.000000 -1
0 -5.608248 -2.678009 -249.246979 1.000000 1.000000 -1
0 -5.608248 -15.921768 -246.408020 0.000000 0.000000 -1
0 -5.608248 -2.678009 -249.246979 0.000000 1.000000 -1
0 -5.608248 -19.470423 -257.003021 1.000000 0.000000 -1
0 -5.608248 -6.226670 -259.841980 1.000000 1.000000 -1
0 -5.608248 -19.470423 -257.003021 0.000000 0.000000 -1
0 -5.608248 -6.226670 -259.841980 0.000000 1.000000 -1
0 5.360502 -19.470423 -257.003021 1.000000 0.000000 -1
0 5.360502 -6.226670 -259.841980 1.000000 1.000000 -1
0 5.360502 -19.470423 -257.003021 0.000000 0.000000 -1
0 5.360502 -6.226670 -259.841980 0.000000 1.000000 -1
0 5.360502 -15.921768 -246.408020 1.000000 0.000000 -1
0 5.360502 -2.678009 -249.246979 1.000000 1.000000 -1
0 5.360502 -15.921768 -246.408020 0.000000 1.000000 -1
0 -5.608248 -15.921768 -246.408020 1.000000 1.000000 -1
0 5.360502 -2.678009 -249.246979 0.000000 0.000000 -1
0 -5.608248 -2.678009 -249.246979 1.000000 0.000000 -1
0 -3.182467 20.932137 -246.576202 1.000000 0.000000 -1
0 2.301908 14.621639 -248.719147 0.000000 1.000000 -1
0 2.301908 20.932137 -246.576202 0.000000 0.000000 -1
0 -3.182467 14.621639 -248.719147 1.000000 1.000000 -1
0 -3.182467 37.321724 -245.296463 1.000000 0.000000 -1
0 -3.182467 14.621639 -248.719147 0.000000 1.000000 -1
0 -3.182467 20.932137 -246.576202 0.000000 0.000000 -1
0 -3.182467 17.300287 -253.767548 1.000000 1.000000 -1
0 2.301908 37.321724 -245.296463 1.000000 0.000000 -1
0 -3.182467 17.300287 -253.767548 0.000000 1.000000 -1
0 -3.182467 37.321724 -245.296463 0.000000 0.000000 -1
0 2.301908 17.300287 -253.767548 1.000000 1.000000 -1
0 2.301908 20.932137 -246.576202 1.000000 0.000000 -1
0 2.301908 17.300287 -253.767548 0.000000 1.000000 -1
0 2.301908 37.321724 -245.296463 0.000000 0.000000 -1
0 2.301908 14.621639 -248.719147 1.000000 1.000000 -1
0 2.301908 20.932137 -246.576202 0.000000 1.000000 -1
0 -3.182467 20.932137 -246.576202 1.000000 1.000000 -1
0 -3.182467 14.621639 -248.719147 1.000000 0.000000 -1
0 2.301908 14.621639 -248.719147 0.000000 0.000000 -1
0 -18.264498 5.800781 -247.640656 0.000000 0.000000 -1
0 -18.264498 -5.800781 -247.640656 0.000000 1.000000 -1
0 -8.983248 5.800781 -247.640656 1.000000 0.000000 -1
0 -8.983248 -5.800781 -247.640656 1.000000 1.000000 -1
0 -8.983248 5.800781 -247.640656 0.000000 0.000000 -1
0 -8.983248 -5.800781 -247.640656 0.000000 1.000000 -1
0 -8.983248 5.800781 -256.921906 1.000000 0.000000 -1
0 -8.983248 -5.800781 -256.921906 1.000000 1.000000 -1
0 -8.983248 5.800781 -256.921906 0.000000 0.000000 -1
0 -8.983248 -5.800781 -256.921906 0.000000 1.000000 -1
0 -18.264498 5.800781 -256.921906 1.000000 0.000000 -1
0 -18.264498 -5.800781 -256.921906 1.000000 1.000000 -1
0 -18.264498 5.800781 -256.921906 0.000000 0.000000 -1
0 -18.264498 -5.800781 -256.921906 0.000000 1.000000 -1
0 -18.264498 5.800781 -247.640656 1.000000 0.000000 -1
0 -18.264498 -5.800781 -247.640656 1.000000 1.000000 -1
0 -18.264498 5.800781 -247.640656 0.000000 1.000000 -1
0 -8.983248 5.800781 -247.640656 1.000000 1.000000 -1
0 -18.264498 -5.800781 -247.640656 0.000000 0.000000 -1
0 -8.983248 -5.800781 -247.640656 1.000000 0.000000 -1
0 5.360502 6.855469 248.906219 0.000000 0.000000 -1
0 5.360502 -6.855469 248.906219 0.000000 1.000000 -1
0 -5.608248 6.855469 248.906219 1.000000 0.000000 -1
0 -5.608248 -6.855469 248.906219 1.000000 1.000000 -1
0 -5.608248 6.855469 248.906219 0.000000 0.000000 -1
0 -5.608248 -6.855469 248.906219 0.000000 1.000000 -1
0 -5.608248 6.855469 259.874969 1.000000 0.000000 -1
0 -5.608248 -6.855469 259.874969 1.000000 1.000000 -1
0 -5.608248 6.855469 259.874969 0.000000 0.000000 -1
0 -5.608248 -6.855469 259.874969 0.000000 1.000000 -1
0 5.360502 6.855469 259.874969 1.000000 0.000000 -1
0 5.360502 -6.855469 259.874969 1.000000 1.000000 -1
0 5.360502 6.855469 259.874969 0.000000 0.000000 -1
0 5.360502 -6.855469 259.874969 0.000000 1.000000 -1
0 5.360502 6.855469 248.906219 1.000000 0.000000 -1
0 5.360502 -6.855469 248.906219 1.000000 1.000000 -1
0 5.360502 6.855469 248.906219 0.000000 1.000000 -1
0 -5.608248 6.855469 248.906219 1.000000 1.000000 -1
0 5.360502 -6.855469 248.906219 0.000000 0.000000 -1
0 -5.608248 -6.855469 248.906219 1.000000 0.000000 -1
0 5.360502 15.921768 246.408020 0.000000 0.000000 -1
0 5.360502 2.678009 249.246979 0.000000 1.000000 -1
0 -5.608248 15.921768 246.408020 1.000000 0.000000 -1
0 -5.608248 2.678009 249.246979 1.000000 1.000000 -1
0 -5.608248 15.921768 246.408020 0.000000 0.000000 -1
0 -5.608248 2.678009 249.246979 0.000000 1.000000 -1
0 -5.608248 19.470423 257.003021 1.000000 0.000000 -1
0 -5.608248 6.226671 259.841980 1.000000 1.000000 -1
0 -5.608248 19.470423 257.003021 0.000000 0.000000 -1
0 -5.608248 6.226671 259.841980 0.000000 1.000000 -1
0 5.360502 19.470423 257.003021 1.000000 0.000000 -1
0 5.360502 6.226671 259.841980 1.000000 1.000000 -1
0 5.360502 19.470423 257.003021 0.000000 0.000000 -1
0 5.360502 6.226671 259.841980 0.000000 1.000000 -1
0 5.360502 15.921768 246.408020 1.000000 0.000000 -1
0 5.360502 2.678009 249.246979 1.000000 1.000000 -1
0 5.360502 15.921768 246.408020 0.000000 1.000000 -1
0 -5.608248 15.921768 246.408020 1.000000 1.000000 -1
0 5.360502 2.678009 249.246979 0.000000 0.000000 -1
0 -5.608248 2.678009 249.246979 1.000000 0.000000 -1
0 -3.182467 -20.932137 246.576202 1.000000 0.000000 -1
0 2.301908 -14.621639 248.719162 0.000000 1.000000 -1
0 2.301908 -20.932137 246.576202 0.000000 0.000000 -1
0 -3.182467 -14.621639 248.719162 1.000000 1.000000 -1
0 -3.182467 -37.321724 245.296478 1.000000 0.000000 -1
0 -3.182467 -14.621639 248.719162 0.000000 1.000000 -1
0 -3.182467 -20.932137 246.576202 0.000000 0.000000 -1
0 -3.182467 -17.300287 253.767548 1.000000 1.000000 -1
0 2.301908 -37.321724 245.296478 1.000000 0.000000 -1
0 -3.182467 -17.300287 253.767548 0.000000 1.000000 -1
0 -3.182467 -37.321724 245.296478 0.000000 0.000000 -1
0 2.301908 -17.300287 253.767548 1.000000 1.000000 -1
0 2.301908 -20.932137 246.576202 1.000000 0.000000 -1
0 2.301908 -17.300287 253.767548 0.000000 1.000000 -1
0 2.301908 -37.321724 245.296478 0.000000 0.000000 -1
0 2.301908 -14.621639 248.719162 1.000000 1.000000 -1
0 2.301908 -20.932137 246.576202 0.000000 1.000000 -1
0 -3.182467 -20.932137 246.576202 1.000000 1.000000 -1
0 -3.182467 -14.621639 248.719162 1.000000 0.000000 -1
0 2.301908 -14.621639 248.719162 0.000000 0.000000 -1
0 -5.608248 -15.921768 246.408020 1.000000 0.000000 -1
0 5.360502 -2.678009 249.246979 0.000000 1.000000 -1
0 5.360502 -15.921768 246.408020 0.000000 0.000000 -1
0 -5.608248 -2.678009 249.246979 1.000000 1.000000 -1
0 -5.608248 -19.470423 257.003021 1.000000 0.000000 -1
0 -5.608248 -2.678009 249.246979 0.000000 1.000000 -1
0 -5.608248 -15.921768 246.408020 0.000000 0.000000 -1
0 -5.608248 -6.226670 259.841980 1.000000 1.000000 -1
0 5.360502 -19.470423 257.003021 1.000000 0.000000 -1
0 -5.608248 -6.226670 259.841980 0.000000 1.000000 -1
0 -5.608248 -19.470423 257.003021 0.000000 0.000000 -1
0 5.360502 -6.226670 259.841980 1.000000 1.000000 -1
0 5.360502 -15.921768 246.408020 1.000000 0.000000 -1
0 5.360502 -6.226670 259.841980 0.000000 1.000000 -1
0 5.360502 -19.470423 257.003021 0.000000 0.000000 -1
0 5.360502 -2.678009 249.246979 1.000000 1.000000 -1
0 5.360502 -15.921768 246.408020 0.000000 1.000000 -1
0 -5.608248 -15.921768 246.408020 1.000000 1.000000 -1
0 -5.608248 -2.678009 249.246979 1.000000 0.000000 -1
0 5.360502 -2.678009 249.246979 0.000000 0.000000 -1
0 2.301908 20.932137 246.576202 0.000000 0.000000 -1
0 2.301908 14.621639 248.719162 0.000000 1.000000 -1
0 -3.182467 20.932137 246.576202 1.000000 0.000000 -1
0 -3.182467 14.621639 248.719162 1.000000 1.000000 -1
0 -3.182467 20.932137 246.576202 0.000000 0.000000 -1
0 -3.182467 14.621639 248.719162 0.000000 1.000000 -1
0 -3.182467 37.321724 245.296478 1.000000 0.000000 -1
0 -3.182467 17.300287 253.767548 1.000000 1.000000 -1
0 -3.182467 37.321724 245.296478 0.000000 0.000000 -1
0 -3.182467 17.300287 253.767548 0.000000 1.000000 -1
0 2.301908 37.321724 245.296478 1.000000 0.000000 -1
0 2.301908 17.300287 253.767548 1.000000 1.000000 -1
0 2.301908 37.321724 245.296478 0.000000 0.000000 -1
0 2.301908 17.300287 253.767548 0.000000 1.000000 -1
0 2.301908 20.932137 246.576202 1.000000 0.000000 -1
0 2.301908 14.621639 248.719162 1.000000 1.000000 -1
0 2.301908 20.932137 246.576202 0.000000 1.000000 -1
0 -3.182467 20.932137 246.576202 1.000000 1.000000 -1
0 2.301908 14.621639 248.719162 0.000000 0.000000 -1
0 -3.182467 14.621639 248.719162 1.000000 0.000000 -1
0 -8.983248 5.800781 247.640594 1.000000 0.000000 -1
0 -18.264498 -5.800781 247.640594 0.000000 1.000000 -1
0 -18.264498 5.800781 247.640594 0.000000 0.000000 -1
0 -8.983248 -5.800781 247.640594 1.000000 1.000000 -1
0 -8.983248 5.800781 256.921844 1.000000 0.000000 -1
0 -8.983248 -5.800781 247.640594 0.000000 1.000000 -1
0 -8.983248 5.800781 247.640594 0.000000 0.000000 -1
0 -8.983248 -5.800781 256.921844 1.000000 1.000000 -1
0 -18.264498 5.800781 256.921844 1.000000 0.000000 -1
0 -8.983248 -5.800781 256.921844 0.000000 1.000000 -1
0 -8.983248 5.800781 256.921844 0.000000 0.000000 -1
0 -18.264498 -5.800781 256.921844 1.000000 1.000000 -1
0 -18.264498 5.800781 247.640594 1.000000 0.000000 -1
0 -18.264498 -5.800781 256.921844 0.000000 1.000000 -1
0 -18.264498 5.800781 256.921844 0.000000 0.000000 -1
0 -18.264498 -5.800781 247.640594 1.000000 1.000000 -1
0 -18.264498 5.800781 247.640594 0.000000 1.000000 -1
0 -8.983248 5.800781 247.640594 1.000000 1.000000 -1
0 -8.983248 -5.800781 247.640594 1.000000 0.000000 -1
0 -18.264498 -5.800781 247.640594 0.000000 0.000000 -1
0 18.016752 5.800781 247.640594 0.000000 0.000000 -1
0 18.016752 -5.800781 247.640594 0.000000 1.000000 -1
0 8.735502 5.800781 247.640594 1.000000 0.000000 -1
0 8.735502 -5.800781 247.640594 1.000000 1.000000 -1
0 8.735502 5.800781 247.640594 0.000000 0.000000 -1
0 8.735502 -5.800781 247.640594 0.000000 1.000000 -1
0 8.735502 5.800781 256.921844 1.000000 0.000000 -1
0 8.735502 -5.800781 256.921844 1.000000 1.000000 -1
0 8.735502 5.800781 256.921844 0.000000 0.000000 -1
0 8.735502 -5.800781 256.921844 0.000000 1.000000 -1
0 18.016752 5.800781 256.921844 1.000000 0.000000 -1
0 18.016752 -5.800781 256.921844 1.000000 1.000000 -1
0 18.016752 5.800781 256.921844 0.000000 0.000000 -1
0 18.016752 -5.800781 256.921844 0.000000 1.000000 -1
0 18.016752 5.800781 247.640594 1.000000 0.000000 -1
0 18.016752 -5.800781 247.640594 1.000000 1.000000 -1
0 18.016752 5.800781 247.640594 0.000000 1.000000 -1
0 8.735502 5.800781 247.640594 1.000000 1.000000 -1
0 18.016752 -5.800781 247.640594 0.000000 0.000000 -1
0 8.735502 -5.800781 247.640594 1.000000 0.000000 -1
38
0.000000 0.000000 1.000000
-1.000000 0.000000 0.000000
0.000000 0.000000 -1.000000
1.000000 0.000000 0.000000
0.000000 1.000000 0.000000
0.000000 -1.000000 0.000000
0.000000 -0.209600 0.977787
0.000000 0.209601 -0.977787
0.000000 0.948226 0.317596
0.000000 -0.948226 -0.317596
0.000000 0.321550 0.946893
0.000000 -0.389659 -0.920959
0.000000 0.077846 0.996965
0.000000 0.883356 -0.468703
0.000000 0.209600 0.977787
0.000000 -0.209601 -0.977787
0.000000 -0.948226 0.317596
0.000000 0.948226 -0.317596
0.000000 -0.321550 0.946893
0.000000 0.389659 -0.920959
0.000000 -0.077846 0.996965
0.000000 -0.883356 -0.468703
0.000000 -0.209600 -0.977787
0.000000 0.209601 0.977787
0.000000 0.948226 -0.317596
0.000000 -0.948226 0.317596
0.000000 0.321552 -0.946892
0.000000 -0.389658 0.920960
0.000000 0.077845 -0.996966
0.000000 0.883355 0.468704
0.000000 0.209600 -0.977787
0.000000 -0.209601 0.977787
0.000000 -0.948226 -0.317596
0.000000 0.948226 0.317596
0.000000 -0.321552 -0.946892
0.000000 0.389658 0.920960
0.000000 -0.077845 -0.996966
0.000000 -0.883355 0.468704
168
0 0 1 2 0 0 0 1
0 0 3 1 0 0 0 1
0 4 5 6 1 1 1 2
0 4 7 5 1 1 1 2
0 8 9 10 2 2 2 1
0 8 11 9 2 2 2 1
0 12 13 14 3 3 3 2
0 12 15 13 3 3 3 2
0 4 16 14 4 4 4 3
0 4 17 16 4 4 4 3
0 18 13 19 5 5 5 3
0 18 7 13 5 5 5 3
0 20 21 22 6 6 6 1
0 20 23 21 6 6 6 1
0 24 25 26 1 1 1 2
0 24 27 25 1 1 1 2
0 28 29 30 7 7 7 1
0 28 31 29 7 7 7 1
0 32 33 34 3 3 3 2
0 32 35 33 3 3 3 2
0 24 36 34 8 8 8 3
0 24 37 36 8 8 8 3
0 38 33 39 9 9 9 3
0 38 27 33 9 9 9 3
0 40 41 42 0 0 0 1
0 40 43 41 0 0 0 1
0 44 45 46 1 1 1 2
0 44 47 45 1 1 1 2
0 48 49 50 2 2 2 1
0 48 51 49 2 2 2 1
0 52 53 54 3 3 3 2
0 52 55 53 3 3 3 2
0 44 56 54 4 4 4 3
0 44 57 56 4 4 4 3
0 58 53 59 5 5 5 3
0 58 47 53 5 5 5 3
0 60 61 62 10 10 10 1
0 61 63 62 10 10 10 1
0 64 65 66 1 1 1 2
0 65 67 66 1 1 1 2
0 68 69 70 11 11 11 1
0 69 71 70 11 11 11 1
0 72 73 74 3 3 3 2
0 73 75 74 3 3 3 2
0 72 76 66 12 12 12 3
0 76 77 66 12 12 12 3
0 78 73 79 13 13 13 3
0 73 67 79 13 13 13 3
0 80 81 82 14 14 14 1
0 81 83 82 14 14 14 1
0 84 85 86 1 1 1 2
0 85 87 86 1 1 1 2
0 88 89 90 15 15 15 1
0 89 91 90 15 15 15 1
0 92 93 94 3 3 3 2
0 93 95 94 3 3 3 2
0 92 96 86 16 16 16 3
0 96 97 86 16 16 16 3
0 98 93 99 17 17 17 3
0 93 87 99 17 17 17 3
0 100 101 102 18 18 18 1
0 100 103 101 18 18 18 1
0 104 105 106 1 1 1 2
0 104 107 105 1 1 1 2
0 108 109 110 19 19 19 1
0 108 111 109 19 19 19 1
0 112 113 114 3 3 3 2
0 112 115 113 3 3 3 2
0 104 116 114 20 20 20 3
0 104 117 116 20 20 20 3
0 118 113 119 21 21 21 3
0 118 107 113 21 21 21 3
0 120 121 122 0 0 0 1
0 121 123 122 0 0 0 1
0 124 125 126 3 3 3 2
0 125 127 126 3 3 3 2
0 128 129 130 2 2 2 1
0 129 131 130 2 2 2 1
0 132 133 134 1 1 1 2
0 133 135 134 1 1 1 2
0 132 136 126 4 4 4 3
0 136 137 126 4 4 4 3
0 138 133 139 5 5 5 3
0 133 127 139 5 5 5 3
0 140 141 142 2 2 2 1
0 141 143 142 2 2 2 1
0 144 145 146 1 1 1 2
0 145 147 146 1 1 1 2
0 148 149 150 0 0 0 1
0 149 151 150 0 0 0 1
0 152 153 154 3 3 3 2
0 153 155 154 3 3 3 2
0 152 156 146 4 4 4 3
0 156 157 146 4 4 4 3
0 158 153 159 5 5 5 3
0 153 147 159 5 5 5 3
0 160 161 162 22 22 22 1
0 161 163 162 22 22 22 1
0 164 165 166 1 1 1 2
0 165 167 166 1 1 1 2
0 168 169 170 23 23 23 1
0 169 171 170 23 23 23 1
0 172 173 174 3 3 3 2
0 173 175 174 3 3 3 2
0 172 176 166 24 24 24 3
0 176 177 166 24 24 24 3
0 178 173 179 25 25 25 3
0 173 167 179 25 25 25 3
0 180 181 182 26 26 26 1
0 180 183 181 26 26 26 1
0 184 185 186 1 1 1 2
0 184 187 185 1 1 1 2
0 188 189 190 27 27 27 1
0 188 191 189 27 27 27 1
0 192 193 194 3 3 3 2
0 192 195 193 3 3 3 2
0 184 196 194 28 28 28 3
0 184 197 196 28 28 28 3
0 198 193 199 29 29 29 3
0 198 187 193 29 29 29 3
0 200 201 202 30 30 30 1
0 200 203 201 30 30 30 1
0 204 205 206 1 1 1 2
0 204 207 205 1 1 1 2
0 208 209 210 31 31 31 1
0 208 211 209 31 31 31 1
0 212 213 214 3 3 3 2
0 212 215 213 3 3 3 2
0 204 216 214 32 32 32 3
0 204 217 216 32 32 32 3
0 218 213 219 33 33 33 3
0 218 207 213 33 33 33 3
0 220 221 222 34 34 34 1
0 221 223 222 34 34 34 1
0 224 225 226 1 1 1 2
0 225 227 226 1 1 1 2
0 228 229 230 35 35 35 1
0 229 231 230 35 35 35 1
0 232 233 234 3 3 3 2
0 233 235 234 3 3 3 2
0 232 236 226 36 36 36 3
0 236 237 226 36 36 36 3
0 238 233 239 37 37 37 3
0 233 227 239 37 37 37 3
0 240 241 242 2 2 2 1
0 240 243 241 2 2 2 1
0 244 245 246 3 3 3 2
0 244 247 245 3 3 3 2
0 248 249 250 0 0 0 1
0 248 251 249 0 0 0 1
0 252 253 254 1 1 1 2
0 252 255 253 1 1 1 2
0 244 256 254 4 4 4 3
0 244 257 256 4 4 4 3
0 258 253 259 5 5 5 3
0 258 247 253 5 5 5 3
0 260 261 262 2 2 2 1
0 261 263 262 2 2 2 1
0 264 265 266 1 1 1 2
0 265 267 266 1 1 1 2
0 268 269 270 0 0 0 1
0 269 271 270 0 0 0 1
0 272 273 274 3 3 3 2
0 273 275 274 3 3 3 2
0 272 276 266 4 4 4 3
0 276 277 266 4 4 4 3
0 278 273 279 5 5 5 3
0 273 267 279 5 5 5 3
"Duplicate15" 1 0
280
1 -209.583557 6.855469 -134.714966 1.000000 0.000000 -1
1 -203.449936 -6.855469 -143.808746 0.000000 1.000000 -1
1 -203.449936 6.855469 -143.808746 0.000000 0.000000 -1
1 -209.583557 -6.855469 -134.714966 1.000000 1.000000 -1
1 -218.677139 6.855469 -140.848755 1.000000 0.000000 -1
1 -209.583557 -6.855469 -134.714966 0.000000 1.000000 -1
1 -209.583557 6.855469 -134.714966 0.000000 0.000000 -1
1 -218.677139 -6.855469 -140.848755 1.000000 1.000000 -1
1 -212.543533 6.855469 -149.942261 1.000000 0.000000 -1
1 -218.677139 -6.855469 -140.848755 0.000000 1.000000 -1
1 -218.677139 6.855469 -140.848755 0.000000 0.000000 -1
1 -212.543533 -6.855469 -149.942261 1.000000 1.000000 -1
1 -203.449936 6.855469 -143.808746 1.000000 0.000000 -1
1 -212.543533 -6.855469 -149.942261 0.000000 1.000000 -1
1 -212.543533 6.855469 -149.942261 0.000000 0.000000 -1
1 -203.449936 -6.855469 -143.808746 1.000000 1.000000 -1
1 -203.449936 6.855469 -143.808746 0.000000 1.000000 -1
1 -209.583557 6.855469 -134.714966 1.000000 1.000000 -1
1 -209.583557 -6.855469 -134.714966 1.000000 0.000000 -1
1 -203.449936 -6.855469 -143.808746 0.000000 0.000000 -1
1 -207.512711 15.921768 -133.318222 1.000000 0.000000 -1
1 -203.732285 2.678009 -143.999207 0.000000 1.000000 -1
1 -201.378754 15.921768 -142.411514 0.000000 0.000000 -1
1 -209.866135 2.678009 -134.905563 1.000000 1.000000 -1
1 -216.296127 19.470423 -139.242722 1.000000 0.000000 -1
1 -209.866135 2.678009 -134.905563 0.000000 1.000000 -1
1 -207.512711 15.921768 -133.318222 0.000000 0.000000 -1
1 -218.649567 6.226671 -140.830154 1.000000 1.000000 -1
1 -210.162598 19.470423 -148.336243 1.000000 0.000000 -1
1 -218.649567 6.226671 -140.830154 0.000000 1.000000 -1
1 -216.296127 19.470423 -139.242722 0.000000 0.000000 -1
1 -212.516190 6.226671 -149.923782 1.000000 1.000000 -1
1 -201.378754 15.921768 -142.411514 1.000000 0.000000 -1
1 -212.516190 6.226671 -149.923782 0.000000 1.000000 -1
1 -210.162598 19.470423 -148.336243 0.000000 0.000000 -1
1 -203.732285 2.678009 -143.999207 1.000000 1.000000 -1
1 -201.378754 15.921768 -142.411514 0.000000 1.000000 -1
1 -207.512711 15.921768 -133.318222 1.000000 1.000000 -1
1 -209.866135 2.678009 -134.905563 1.000000 0.000000 -1
1 -203.732285 2.678009 -143.999207 0.000000 0.000000 -1
1 -200.513428 5.800781 -145.898926 1.000000 0.000000 -1
1 -195.323380 -5.800781 -153.593338 0.000000 1.000000 -1
1 -195.323380 5.800781 -153.593338 0.000000 0.000000 -1
1 -200.513428 -5.800781 -145.898926 1.000000 1.000000 -1
1 -208.207901 5.800781 -151.088821 1.000000 0.000000 -1
1 -200.513428 -5.800781 -145.898926 0.000000 1.000000 -1
1 -200.513428 5.800781 -145.898926 0.000000 0.000000 -1
1 -208.207901 -5.800781 -151.088821 1.000000 1.000000 -1
1 -203.018036 5.800781 -158.783478 1.000000 0.000000 -1
1 -208.207901 -5.800781 -151.088821 0.000000 1.000000 -1
1 -208.207901 5.800781 -151.088821 0.000000 0.000000 -1
1 -203.018036 -5.800781 -158.783478 1.000000 1.000000 -1
1 -195.323380 5.800781 -153.593338 1.000000 0.000000 -1
1 -203.018036 -5.800781 -158.783478 0.000000 1.000000 -1
1 -203.018036 5.800781 -158.783478 0.000000 0.000000 -1
1 -195.323380 -5.800781 -153.593338 1.000000 1.000000 -1
1 -195.323380 5.800781 -153.593338 0.000000 1.000000 -1
1 -200.513428 5.800781 -145.898926 1.000000 1.000000 -1
1 -200.513428 -5.800781 -145.898926 1.000000 0.000000 -1
1 -195.323380 -5.800781 -153.593338 0.000000 0.000000 -1
1 -203.228607 -20.932137 -139.970016 0.000000 0.000000 -1
1 -205.005280 -14.621639 -141.168198 0.000000 1.000000 -1
1 -206.295441 -20.932137 -135.423172 1.000000 0.000000 -1
1 -208.072021 -14.621639 -136.621597 1.000000 1.000000 -1
1 -206.295441 -20.932137 -135.423172 0.000000 0.000000 -1
1 -208.072021 -14.621639 -136.621597 0.000000 1.000000 -1
1 -205.234390 -37.321724 -134.707550 1.000000 0.000000 -1
1 -212.257370 -17.300287 -139.444580 1.000000 1.000000 -1
1 -205.234390 -37.321724 -134.707550 0.000000 0.000000 -1
1 -212.257370 -17.300287 -139.444580 0.000000 1.000000 -1
1 -202.167847 -37.321724 -139.254364 1.000000 0.000000 -1
1 -209.190643 -17.300287 -143.991379 1.000000 1.000000 -1
1 -202.167847 -37.321724 -139.254364 0.000000 0.000000 -1
1 -209.190643 -17.300287 -143.991379 0.000000 1.000000 -1
1 -203.228607 -20.932137 -139.970016 1.000000 0.000000 -1
1 -205.005280 -14.621639 -141.168198 1.000000 1.000000 -1
1 -203.228607 -20.932137 -139.970016 0.000000 1.000000 -1
1 -206.295441 -20.932137 -135.423172 1.000000 1.000000 -1
1 -205.005280 -14.621639 -141.168198 0.000000 0.000000 -1
1 -208.072021 -14.621639 -136.621597 1.000000 0.000000 -1
1 -201.378754 -15.921768 -142.411514 0.000000 0.000000 -1
1 -203.732285 -2.678009 -143.999207 0.000000 1.000000 -1
1 -207.512711 -15.921768 -133.318222 1.000000 0.000000 -1
1 -209.866135 -2.678009 -134.905563 1.000000 1.000000 -1
1 -207.512711 -15.921768 -133.318222 0.000000 0.000000 -1
1 -209.866135 -2.678009 -134.905563 0.000000 1.000000 -1
1 -216.296127 -19.470423 -139.242722 1.000000 0.000000 -1
1 -218.649567 -6.226670 -140.830154 1.000000 1.000000 -1
1 -216.296127 -19.470423 -139.242722 0.000000 0.000000 -1
1 -218.649567 -6.226670 -140.830154 0.000000 1.000000 -1
1 -210.162598 -19.470423 -148.336243 1.000000 0.000000 -1
1 -212.516190 -6.226670 -149.923782 1.000000 1.000000 -1
1 -210.162598 -19.470423 -148.336243 0.000000 0.000000 -1
1 -212.516190 -6.226670 -149.923782 0.000000 1.000000 -1
1 -201.378754 -15.921768 -142.411514 1.000000 0.000000 -1
1 -203.732285 -2.678009 -143.999207 1.000000 1.000000 -1
1 -201.378754 -15.921768 -142.411514 0.000000 1.000000 -1
1 -207.512711 -15.921768 -133.318222 1.000000 1.000000 -1
1 -203.732285 -2.678009 -143.999207 0.000000 0.000000 -1
1 -209.866135 -2.678009 -134.905563 1.000000 0.000000 -1
1 -206.295441 20.932137 -135.423172 1.000000 0.000000 -1
1 -205.005280 14.621639 -141.168198 0.000000 1.000000 -1
1 -203.228607 20.932137 -139.970016 0.000000 0.000000 -1
1 -208.072021 14.621639 -136.621597 1.000000 1.000000 -1
1 -205.234390 37.321724 -134.707550 1.000000 0.000000 -1
1 -208.072021 14.621639 -136.621597 0.000000 1.000000 -1
1 -206.295441 20.932137 -135.423172 0.000000 0.000000 -1
1 -212.257370 17.300287 -139.444580 1.000000 1.000000 -1
1 -202.167847 37.321724 -139.254364 1.000000 0.000000 -1
1 -212.257370 17.300287 -139.444580 0.000000 1.000000 -1
1 -205.234390 37.321724 -134.707550 0.000000 0.000000 -1
1 -209.190643 17.300287 -143.991379 1.000000 1.000000 -1
1 -203.228607 20.932137 -139.970016 1.000000 0.000000 -1
1 -209.190643 17.300287 -143.991379 0.000000 1.000000 -1
1 -202.167847 37.321724 -139.254364 0.000000 0.000000 -1
1 -205.005280 14.621639 -141.168198 1.000000 1.000000 -1
1 -203.228607 20.932137 -139.970016 0.000000 1.000000 -1
1 -206.295441 20.932137 -135.423172 1.000000 1.000000 -1
1 -208.072021 14.621639 -136.621597 1.000000 0.000000 -1
1 -205.005280 14.621639 -141.168198 0.000000 0.000000 -1
1 -215.611740 5.800781 -123.514793 0.000000 0.000000 -1
1 -215.611740 -5.800781 -123.514793 0.000000 1.000000 -1
1 -210.421585 5.800781 -131.209259 1.000000 0.000000 -1
1 -210.421585 -5.800781 -131.209259 1.000000 1.000000 -1
1 -210.421585 5.800781 -131.209259 0.000000 0.000000 -1
1 -210.421585 -5.800781 -131.209259 0.000000 1.000000 -1
1 -218.116287 5.800781 -136.399368 1.000000 0.000000 -1
1 -218.116287 -5.800781 -136.399368 1.000000 1.000000 -1
1 -218.116287 5.800781 -136.399368 0.000000 0.000000 -1
1 -218.116287 -5.800781 -136.399368 0.000000 1.000000 -1
1 -223.306259 5.800781 -128.704758 1.000000 0.000000 -1
1 -223.306259 -5.800781 -128.704758 1.000000 1.000000 -1
1 -223.306259 5.800781 -128.704758 0.000000 0.000000 -1
1 -223.306259 -5.800781 -128.704758 0.000000 1.000000 -1
1 -215.611740 5.800781 -123.514793 1.000000 0.000000 -1
1 -215.611740 -5.800781 -123.514793 1.000000 1.000000 -1
1 -215.611740 5.800781 -123.514793 0.000000 1.000000 -1
1 -210.421585 5.800781 -131.209259 1.000000 1.000000 -1
1 -215.611740 -5.800781 -123.514793 0.000000 0.000000 -1
1 -210.421585 -5.800781 -131.209259 1.000000 0.000000 -1
1 209.256271 6.855469 134.565140 0.000000 0.000000 -1
1 209.256271 -6.855469 134.565140 0.000000 1.000000 -1
1 203.122726 6.855469 143.658768 1.000000 0.000000 -1
1 203.122726 -6.855469 143.658768 1.000000 1.000000 -1
1 203.122726 6.855469 143.658768 0.000000 0.000000 -1
1 203.122726 -6.855469 143.658768 0.000000 1.000000 -1
1 212.216202 6.855469 149.792404 1.000000 0.000000 -1
1 212.216202 -6.855469 149.792404 1.000000 1.000000 -1
1 212.216202 6.855469 149.792404 0.000000 0.000000 -1
1 212.216202 -6.855469 149.792404 0.000000 1.000000 -1
1 218.349762 6.855469 140.698975 1.000000 0.000000 -1
1 218.349762 -6.855469 140.698975 1.000000 1.000000 -1
1 218.349762 6.855469 140.698975 0.000000 0.000000 -1
1 218.349762 -6.855469 140.698975 0.000000 1.000000 -1
1 209.256271 6.855469 134.565140 1.000000 0.000000 -1
1 209.256271 -6.855469 134.565140 1.000000 1.000000 -1
1 209.256271 6.855469 134.565140 0.000000 1.000000 -1
1 203.122726 6.855469 143.658768 1.000000 1.000000 -1
1 209.256271 -6.855469 134.565140 0.000000 0.000000 -1
1 203.122726 -6.855469 143.658768 1.000000 0.000000 -1
1 207.185043 15.921768 133.168228 0.000000 0.000000 -1
1 209.538727 2.678009 134.755753 0.000000 1.000000 -1
1 201.051407 15.921768 142.261765 1.000000 0.000000 -1
1 203.405106 2.678009 143.849258 1.000000 1.000000 -1
1 201.051407 15.921768 142.261765 0.000000 0.000000 -1
1 203.405106 2.678009 143.849258 0.000000 1.000000 -1
1 209.834976 19.470423 148.186218 1.000000 0.000000 -1
1 212.188568 6.226671 149.773895 1.000000 1.000000 -1
1 209.834976 19.470423 148.186218 0.000000 0.000000 -1
1 212.188568 6.226671 149.773895 0.000000 1.000000 -1
1 215.968750 19.470423 139.092850 1.000000 0.000000 -1
1 218.322556 6.226671 140.680557 1.000000 1.000000 -1
1 215.968750 19.470423 139.092850 0.000000 0.000000 -1
1 218.322556 6.226671 140.680557 0.000000 1.000000 -1
1 207.185043 15.921768 133.168228 1.000000 0.000000 -1
1 209.538727 2.678009 134.755753 1.000000 1.000000 -1
1 207.185043 15.921768 133.168228 0.000000 1.000000 -1
1 201.051407 15.921768 142.261765 1.000000 1.000000 -1
1 209.538727 2.678009 134.755753 0.000000 0.000000 -1
1 203.405106 2.678009 143.849258 1.000000 0.000000 -1
1 202.547272 -20.932137 140.344696 1.000000 0.000000 -1
1 207.390549 -14.621639 136.996323 0.000000 1.000000 -1
1 205.614090 -20.932137 135.797958 0.000000 0.000000 -1
1 204.323959 -14.621639 141.543228 1.000000 1.000000 -1
1 201.486481 -37.321724 139.629120 1.000000 0.000000 -1
1 204.323959 -14.621639 141.543228 0.000000 1.000000 -1
1 202.547272 -20.932137 140.344696 0.000000 0.000000 -1
1 208.509323 -17.300287 144.366074 1.000000 1.000000 -1
1 204.553253 -37.321724 135.082275 1.000000 0.000000 -1
1 208.509323 -17.300287 144.366074 0.000000 1.000000 -1
1 201.486481 -37.321724 139.629120 0.000000 0.000000 -1
1 211.576218 -17.300287 139.819351 1.000000 1.000000 -1
1 205.614090 -20.932137 135.797958 1.000000 0.000000 -1
1 211.576218 -17.300287 139.819351 0.000000 1.000000 -1
1 204.553253 -37.321724 135.082275 0.000000 0.000000 -1
1 207.390549 -14.621639 136.996323 1.000000 1.000000 -1
1 205.614090 -20.932137 135.797958 0.000000 1.000000 -1
1 202.547272 -20.932137 140.344696 1.000000 1.000000 -1
1 204.323959 -14.621639 141.543228 1.000000 0.000000 -1
1 207.390549 -14.621639 136.996323 0.000000 0.000000 -1
1 201.051407 -15.921768 142.261765 1.000000 0.000000 -1
1 209.538727 -2.678009 134.755753 0.000000 1.000000 -1
1 207.185043 -15.921768 133.168228 0.000000 0.000000 -1
1 203.405106 -2.678009 143.849258 1.000000 1.000000 -1
1 209.834976 -19.470423 148.186218 1.000000 0.000000 -1
1 203.405106 -2.678009 143.849258 0.000000 1.000000 -1
1 201.051407 -15.921768 142.261765 0.000000 0.000000 -1
1 212.188568 -6.226670 149.773895 1.000000 1.000000 -1
1 215.968750 -19.470423 139.092850 1.000000 0.000000 -1
1 212.188568 -6.226670 149.773895 0.000000 1.000000 -1
1 209.834976 -19.470423 148.186218 0.000000 0.000000 -1
1 218.322556 -6.226670 140.680557 1.000000 1.000000 -1
1 207.185043 -15.921768 133.168228 1.000000 0.000000 -1
1 218.322556 -6.226670 140.680557 0.000000 1.000000 -1
1 215.968750 -19.470423 139.092850 0.000000 0.000000 -1
1 209.538727 -2.678009 134.755753 1.000000 1.000000 -1
1 207.185043 -15.921768 133.168228 0.000000 1.000000 -1
1 201.051407 -15.921768 142.261765 1.000000 1.000000 -1
1 203.405106 -2.678009 143.849258 1.000000 0.000000 -1
1 209.538727 -2.678009 134.755753 0.000000 0.000000 -1
1 205.614090 20.932137 135.797958 0.000000 0.000000 -1
1 207.390549 14.621639 136.996323 0.000000 1.000000 -1
1 202.547272 20.932137 140.344696 1.000000 0.000000 -1
1 204.323959 14.621639 141.543228 1.000000 1.000000 -1
1 202.547272 20.932137 140.344696 0.000000 0.000000 -1
1 204.323959 14.621639 141.543228 0.000000 1.000000 -1
1 201.486481 37.321724 139.629120 1.000000 0.000000 -1
1 208.509323 17.300287 144.366074 1.000000 1.000000 -1
1 201.486481 37.321724 139.629120 0.000000 0.000000 -1
1 208.509323 17.300287 144.366074 0.000000 1.000000 -1
1 204.553253 37.321724 135.082275 1.000000 0.000000 -1
1 211.576218 17.300287 139.819351 1.000000 1.000000 -1
1 204.553253 37.321724 135.082275 0.000000 0.000000 -1
1 211.576218 17.300287 139.819351 0.000000 1.000000 -1
1 205.614090 20.932137 135.797958 1.000000 0.000000 -1
1 207.390549 14.621639 136.996323 1.000000 1.000000 -1
1 205.614090 20.932137 135.797958 0.000000 1.000000 -1
1 202.547272 20.932137 140.344696 1.000000 1.000000 -1
1 207.390549 14.621639 136.996323 0.000000 0.000000 -1
1 204.323959 14.621639 141.543228 1.000000 0.000000 -1
1 200.186020 5.800781 145.748947 1.000000 0.000000 -1
1 194.995941 -5.800781 153.443558 0.000000 1.000000 -1
1 194.995941 5.800781 153.443558 0.000000 0.000000 -1
1 200.186020 -5.800781 145.748947 1.000000 1.000000 -1
1 207.880539 5.800781 150.939026 1.000000 0.000000 -1
1 200.186020 -5.800781 145.748947 0.000000 1.000000 -1
1 200.186020 5.800781 145.748947 0.000000 0.000000 -1
1 207.880539 -5.800781 150.939026 1.000000 1.000000 -1
1 202.690430 5.800781 158.633499 1.000000 0.000000 -1
1 207.880539 -5.800781 150.939026 0.000000 1.000000 -1
1 207.880539 5.800781 150.939026 0.000000 0.000000 -1
1 202.690430 -5.800781 158.633499 1.000000 1.000000 -1
1 194.995941 5.800781 153.443558 1.000000 0.000000 -1
1 202.690430 -5.800781 158.633499 0.000000 1.000000 -1
1 202.690430 5.800781 158.633499 0.000000 0.000000 -1
1 194.995941 -5.800781 153.443558 1.000000 1.000000 -1
1 194.995941 5.800781 153.443558 0.000000 1.000000 -1
1 200.186020 5.800781 145.748947 1.000000 1.000000 -1
1 200.186020 -5.800781 145.748947 1.000000 0.000000 -1
1 194.995941 -5.800781 153.443558 0.000000 0.000000 -1
1 215.284134 5.800781 123.364983 0.000000 0.000000 -1
1 215.284134 -5.800781 123.364983 0.000000 1.000000 -1
1 210.094162 5.800781 131.059433 1.000000 0.000000 -1
1 210.094162 -5.800781 131.059433 1.000000 1.000000 -1
1 210.094162 5.800781 131.059433 0.000000 0.000000 -1
1 210.094162 -5.800781 131.059433 0.000000 1.000000 -1
1 217.788666 5.800781 136.249481 1.000000 0.000000 -1
1 217.788666 -5.800781 136.249481 1.000000 1.000000 -1
1 217.788666 5.800781 136.249481 0.000000 0.000000 -1
1 217.788666 -5.800781 136.249481 0.000000 1.000000 -1
1 222.978607 5.800781 128.554962 1.000000 0.000000 -1
1 222.978607 -5.800781 128.554962 1.000000 1.000000 -1
1 222.978607 5.800781 128.554962 0.000000 0.000000 -1
1 222.978607 -5.800781 128.554962 0.000000 1.000000 -1
1 215.284134 5.800781 123.364983 1.000000 0.000000 -1
1 215.284134 -5.800781 123.364983 1.000000 1.000000 -1
1 215.284134 5.800781 123.364983 0.000000 1.000000 -1
1 210.094162 5.800781 131.059433 1.000000 1.000000 -1
1 215.284134 -5.800781 123.364983 0.000000 0.000000 -1
1 210.094162 -5.800781 131.059433 1.000000 0.000000 -1
170
0.829046 0.000000 0.559180
-0.559199 0.000000 0.829034
-0.829039 0.000000 -0.559190
0.559181 0.000000 -0.829046
0.000000 1.000000 0.000000
0.000000 -1.000000 0.000000
0.810612 -0.209593 0.546790
0.810603 -0.209603 0.546799
0.810621 -0.209583 0.546781
-0.559196 0.000002 0.829036
-0.559192 0.000004 0.829038
-0.559199 0.000000 0.829034
-0.810633 0.209594 -0.546758
-0.810630 0.209587 -0.546765
-0.810637 0.209600 -0.546750
0.559186 0.000009 -0.829042
0.559190 0.000002 -0.829039
0.559182 0.000016 -0.829045
0.263297 0.948226 0.177601
0.263296 0.948228 0.177592
0.263299 0.948224 0.177611
-0.263301 -0.948226 -0.177596
-0.263294 -0.948228 -0.177597
-0.263309 -0.948224 -0.177594
0.829032 0.000000 0.559200
-0.559186 0.000000 0.829042
-0.829050 0.000000 -0.559175
0.559195 0.000000 -0.829036
0.785014 0.321549 0.529490
0.785010 0.321554 0.529493
0.785006 0.321558 0.529497
-0.559248 -0.000008 0.829001
-0.559216 -0.000003 0.829022
-0.559185 0.000003 0.829043
-0.763533 -0.389664 -0.514956
-0.763527 -0.389661 -0.514967
-0.763520 -0.389658 -0.514979
0.559181 -0.000009 -0.829045
0.559189 0.000009 -0.829040
0.559197 0.000028 -0.829035
0.826549 0.077837 0.557456
0.826538 0.077844 0.557473
0.826526 0.077850 0.557489
-0.388564 0.883361 -0.262091
-0.388570 0.883358 -0.262090
-0.388577 0.883356 -0.262088
0.810603 0.209603 0.546799
0.810612 0.209593 0.546790
0.810621 0.209583 0.546781
-0.559192 -0.000004 0.829038
-0.559196 -0.000002 0.829036
-0.559199 -0.000000 0.829034
-0.810630 -0.209587 -0.546765
-0.810633 -0.209594 -0.546758
-0.810637 -0.209600 -0.546750
0.559190 -0.000002 -0.829039
0.559186 -0.000009 -0.829042
0.559182 -0.000016 -0.829045
0.263296 -0.948228 0.177592
0.263297 -0.948226 0.177601
0.263299 -0.948224 0.177611
-0.263294 0.948228 -0.177597
-0.263301 0.948226 -0.177596
-0.263309 0.948224 -0.177594
0.785010 -0.321554 0.529493
0.785014 -0.321549 0.529490
0.785006 -0.321558 0.529497
-0.559216 0.000003 0.829022
-0.559248 0.000008 0.829001
-0.559185 -0.000003 0.829043
-0.763527 0.389661 -0.514967
-0.763533 0.389664 -0.514956
-0.763520 0.389658 -0.514979
0.559189 -0.000009 -0.829040
0.559181 0.000009 -0.829045
0.559197 -0.000028 -0.829035
0.826538 -0.077844 0.557473
0.826549 -0.077837 0.557456
0.826526 -0.077850 0.557489
-0.388570 -0.883358 -0.262090
-0.388564 -0.883361 -0.262091
-0.388577 -0.883356 -0.262088
0.829029 0.000000 0.559206
0.559190 0.000000 -0.829039
-0.829043 0.000000 -0.559185
-0.559189 0.000000 0.829040
-0.829045 0.000000 -0.559181
-0.559194 0.000000 0.829037
0.829039 0.000000 0.559191
0.559205 0.000000 -0.829029
-0.810623 -0.209605 -0.546769
-0.810623 -0.209605 -0.546769
-0.810623 -0.209605 -0.546769
-0.559183 -0.000003 0.829044
-0.559193 0.000002 0.829038
-0.559203 0.000007 0.829031
0.810612 0.209606 0.546784
0.810606 0.209613 0.546791
0.810600 0.209620 0.546797
0.559190 -0.000004 -0.829040
0.559192 0.000000 -0.829038
0.559194 0.000004 -0.829037
-0.263295 0.948226 -0.177601
-0.263299 0.948225 -0.177600
-0.263303 0.948225 -0.177599
0.263294 -0.948228 0.177594
0.263296 -0.948226 0.177601
0.263297 -0.948225 0.177609
-0.785020 0.321558 -0.529474
-0.785012 0.321539 -0.529498
-0.785029 0.321578 -0.529450
-0.559205 -0.000005 0.829029
-0.559241 0.000001 0.829005
-0.559168 -0.000012 0.829054
0.763510 -0.389661 0.514992
0.763519 -0.389658 0.514981
0.763501 -0.389665 0.515003
0.559175 0.000017 -0.829050
0.559179 0.000008 -0.829047
0.559171 0.000026 -0.829052
-0.826527 0.077839 -0.557490
-0.826532 0.077842 -0.557482
-0.826522 0.077836 -0.557497
0.388570 0.883360 0.262083
0.388568 0.883367 0.262064
0.388572 0.883354 0.262103
-0.810623 0.209605 -0.546769
-0.810623 0.209605 -0.546769
-0.810623 0.209605 -0.546769
-0.559193 -0.000002 0.829038
-0.559183 0.000003 0.829044
-0.559203 -0.000007 0.829031
0.810606 -0.209613 0.546791
0.810612 -0.209606 0.546784
0.810600 -0.209620 0.546797
0.559192 -0.000000 -0.829038
0.559190 0.000004 -0.829040
0.559194 -0.000004 -0.829037
-0.263299 -0.948225 -0.177600
-0.263295 -0.948226 -0.177601
-0.263303 -0.948225 -0.177599
0.263296 0.948226 0.177601
0.263294 0.948228 0.177594
0.263297 0.948225 0.177609
-0.785012 -0.321539 -0.529498
-0.785020 -0.321558 -0.529474
-0.785029 -0.321578 -0.529450
-0.559241 -0.000001 0.829005
-0.559205 0.000005 0.829029
-0.559168 0.000012 0.829054
0.763519 0.389658 0.514981
0.763510 0.389661 0.514992
0.763501 0.389665 0.515003
0.559179 -0.000008 -0.829047
0.559175 -0.000017 -0.829050
0.559171 -0.000026 -0.829052
-0.826532 -0.077842 -0.557482
-0.826527 -0.077839 -0.557490
-0.826522 -0.077836 -0.557497
0.388568 -0.883367 0.262064
0.388570 -0.883360 0.262083
0.388572 -0.883354 0.262103
-0.829038 0.000000 -0.559193
0.559197 0.000000 -0.829035
0.829032 0.000000 0.559202
-0.559189 0.000000 0.829040
-0.829038 0.000000 -0.559193
-0.559196 0.000000 0.829036
0.829041 0.000000 0.559187
0.559192 0.000000 -0.829038
168
1 0 1 2 0 0 0 1
1 0 3 1 0 0 0 1
1 4 5 6 1 1 1 2
1 4 7 5 1 1 1 2
1 8 9 10 2 2 2 1
1 8 11 9 2 2 2 1
1 12 13 14 3 3 3 2
1 12 15 13 3 3 3 2
1 4 16 14 4 4 4 3
1 4 17 16 4 4 4 3
1 18 13 19 5 5 5 3
1 18 7 13 5 5 5 3
1 20 21 22 6 6 7 1
1 20 23 21 6 8 6 1
1 24 25 26 9 9 10 2
1 24 27 25 9 11 9 2
1 28 29 30 12 12 13 1
1 28 31 29 12 14 12 1
1 32 33 34 15 15 16 2
1 32 35 33 15 17 15 2
1 24 36 34 18 18 19 3
1 24 37 36 18 20 18 3
1 38 33 39 21 21 22 3
1 38 27 33 21 23 21 3
1 40 41 42 24 24 24 1
1 40 43 41 24 24 24 1
1 44 45 46 25 25 25 2
1 44 47 45 25 25 25 2
1 48 49 50 26 26 26 1
1 48 51 49 26 26 26 1
1 52 53 54 27 27 27 2
1 52 55 53 27 27 27 2
1 44 56 54 4 4 4 3
1 44 57 56 4 4 4 3
1 58 53 59 5 5 5 3
1 58 47 53 5 5 5 3
1 60 61 62 28 29 29 1
1 61 63 62 29 30 29 1
1 64 65 66 31 32 32 2
1 65 67 66 32 33 32 2
1 68 69 70 34 35 35 1
1 69 71 70 35 36 35 1
1 72 73 74 37 38 38 2
1 73 75 74 38 39 38 2
1 72 76 66 40 41 41 3
1 76 77 66 41 42 41 3
1 78 73 79 43 44 44 3
1 73 67 79 44 45 44 3
1 80 81 82 46 47 47 1
1 81 83 82 47 48 47 1
1 84 85 86 49 50 50 2
1 85 87 86 50 51 50 2
1 88 89 90 52 53 53 1
1 89 91 90 53 54 53 1
1 92 93 94 55 56 56 2
1 93 95 94 56 57 56 2
1 92 96 86 58 59 59 3
1 96 97 86 59 60 59 3
1 98 93 99 61 62 62 3
1 93 87 99 62 63 62 3
1 100 101 102 64 64 65 1
1 100 103 101 64 66 64 1
1 104 105 106 67 67 68 2
1 104 107 105 67 69 67 2
1 108 109 110 70 70 71 1
1 108 111 109 70 72 70 1
1 112 113 114 73 73 74 2
1 112 115 113 73 75 73 2
1 104 116 114 76 76 77 3
1 104 117 116 76 78 76 3
1 118 113 119 79 79 80 3
1 118 107 113 79 81 79 3
1 120 121 122 82 82 82 1
1 121 123 122 82 82 82 1
1 124 125 126 83 83 83 2
1 125 127 126 83 83 83 2
1 128 129 130 84 84 84 1
1 129 131 130 84 84 84 1
1 132 133 134 85 85 85 2
1 133 135 134 85 85 85 2
1 132 136 126 4 4 4 3
1 136 137 126 4 4 4 3
1 138 133 139 5 5 5 3
1 133 127 139 5 5 5 3
1 140 141 142 86 86 86 1
1 141 143 142 86 86 86 1
1 144 145 146 87 87 87 2
1 145 147 146 87 87 87 2
1 148 149 150 88 88 88 1
1 149 151 150 88 88 88 1
1 152 153 154 89 89 89 2
1 153 155 154 89 89 89 2
1 152 156 146 4 4 4 3
1 156 157 146 4 4 4 3
1 158 153 159 5 5 5 3
1 153 147 159 5 5 5 3
1 160 161 162 90 91 91 1
1 161 163 162 91 92 91 1
1 164 165 166 93 94 94 2
1 165 167 166 94 95 94 2
1 168 169 170 96 97 97 1
1 169 171 170 97 98 97 1
1 172 173 174 99 100 100 2
1 173 175 174 100 101 100 2
1 172 176 166 102 103 103 3
1 176 177 166 103 104 103 3
1 178 173 179 105 106 106 3
1 173 167 179 106 107 106 3
1 180 181 182 108 108 109 1
1 180 183 181 108 110 108 1
1 184 185 186 111 111 112 2
1 184 187 185 111 113 111 2
1 188 189 190 114 114 115 1
1 188 191 189 114 116 114 1
1 192 193 194 117 117 118 2
1 192 195 193 117 119 117 2
1 184 196 194 120 120 121 3
1 184 197 196 120 122 120 3
1 198 193 199 123 123 124 3
1 198 187 193 123 125 123 3
1 200 201 202 126 126 127 1
1 200 203 201 126 128 126 1
1 204 205 206 129 129 130 2
1 204 207 205 129 131 129 2
1 208 209 210 132 132 133 1
1 208 211 209 132 134 132 1
1 212 213 214 135 135 136 2
1 212 215 213 135 137 135 2
1 204 216 214 138 138 139 3
1 204 217 216 138 140 138 3
1 218 213 219 141 141 142 3
1 218 207 213 141 143 141 3
1 220 221 222 144 145 145 1
1 221 223 222 145 146 145 1
1 224 225 226 147 148 148 2
1 225 227 226 148 149 148 2
1 228 229 230 150 151 151 1
1 229 231 230 151 152 151 1
1 232 233 234 153 154 154 2
1 233 235 234 154 155 154 2
1 232 236 226 156 157 157 3
1 236 237 226 157 158 157 3
1 238 233 239 159 160 160 3
1 233 227 239 160 161 160 3
1 240 241 242 162 162 162 1
1 240 243 241 162 162 162 1
1 244 245 246 163 163 163 2
1 244 247 245 163 163 163 2
1 248 249 250 164 164 164 1
1 248 251 249 164 164 164 1
1 252 253 254 165 165 165 2
1 252 255 253 165 165 165 2
1 244 256 254 4 4 4 3
1 244 257 256 4 4 4 3
1 258 253 259 5 5 5 3
1 258 247 253 5 5 5 3
1 260 261 262 166 166 166 1
1 261 263 262 166 166 166 1
1 264 265 266 167 167 167 2
1 265 267 266 167 167 167 2
1 268 269 270 168 168 168 1
1 269 271 270 168 168 168 1
1 272 273 274 169 169 169 2
1 273 275 274 169 169 169 2
1 272 276 266 4 4 4 3
1 276 277 266 4 4 4 3
1 278 273 279 5 5 5 3
1 273 267 279 5 5 5 3
"Duplicate16" 0 0
280
0 -219.543030 6.855469 117.807541 1.000000 0.000000 -1
0 -224.522980 -6.855469 108.034370 0.000000 1.000000 -1
0 -224.522980 6.855469 108.034370 0.000000 0.000000 -1
0 -219.543030 -6.855469 117.807541 1.000000 1.000000 -1
0 -229.316299 6.855469 122.787239 1.000000 0.000000 -1
0 -219.543030 -6.855469 117.807541 0.000000 1.000000 -1
0 -219.543030 6.855469 117.807541 0.000000 0.000000 -1
0 -229.316299 -6.855469 122.787239 1.000000 1.000000 -1
0 -234.296066 6.855469 113.013962 1.000000 0.000000 -1
0 -229.316299 -6.855469 122.787239 0.000000 1.000000 -1
0 -229.316299 6.855469 122.787239 0.000000 0.000000 -1
0 -234.296066 -6.855469 113.013962 1.000000 1.000000 -1
0 -224.522980 6.855469 108.034370 1.000000 0.000000 -1
0 -234.296066 -6.855469 113.013962 0.000000 1.000000 -1
0 -234.296066 6.855469 113.013962 0.000000 0.000000 -1
0 -224.522980 -6.855469 108.034370 1.000000 1.000000 -1
0 -224.522980 6.855469 108.034370 0.000000 1.000000 -1
0 -219.543030 6.855469 117.807541 1.000000 1.000000 -1
0 -219.543030 -6.855469 117.807541 1.000000 0.000000 -1
0 -224.522980 -6.855469 108.034370 0.000000 0.000000 -1
0 -217.317413 15.921768 116.673378 1.000000 0.000000 -1
0 -224.826447 2.678009 108.188782 0.000000 1.000000 -1
0 -222.296844 15.921768 106.900101 0.000000 0.000000 -1
0 -219.846771 2.678009 117.962173 1.000000 1.000000 -1
0 -226.757248 19.470423 121.483215 1.000000 0.000000 -1
0 -219.846771 2.678009 117.962173 0.000000 1.000000 -1
0 -217.317413 15.921768 116.673378 0.000000 0.000000 -1
0 -229.286972 6.226671 122.772285 1.000000 1.000000 -1
0 -231.737167 19.470423 111.710144 1.000000 0.000000 -1
0 -229.286972 6.226671 122.772285 0.000000 1.000000 -1
0 -226.757248 19.470423 121.483215 0.000000 0.000000 -1
0 -234.266602 6.226671 112.998909 1.000000 1.000000 -1
0 -222.296844 15.921768 106.900101 1.000000 0.000000 -1
0 -234.266602 6.226671 112.998909 0.000000 1.000000 -1
0 -231.737167 19.470423 111.710144 0.000000 0.000000 -1
0 -224.826447 2.678009 108.188782 1.000000 1.000000 -1
0 -222.296844 15.921768 106.900101 0.000000 1.000000 -1
0 -217.317413 15.921768 116.673378 1.000000 1.000000 -1
0 -219.846771 2.678009 117.962173 1.000000 0.000000 -1
0 -224.826447 2.678009 108.188782 0.000000 0.000000 -1
0 -224.927536 5.800781 104.452438 1.000000 0.000000 -1
0 -229.141037 -5.800781 96.182831 0.000000 1.000000 -1
0 -229.141037 5.800781 96.182831 0.000000 0.000000 -1
0 -224.927536 -5.800781 104.452438 1.000000 1.000000 -1
0 -233.196915 5.800781 108.666115 1.000000 0.000000 -1
0 -224.927536 -5.800781 104.452438 0.000000 1.000000 -1
0 -224.927536 5.800781 104.452438 0.000000 0.000000 -1
0 -233.196915 -5.800781 108.666115 1.000000 1.000000 -1
0 -237.410629 5.800781 100.396416 1.000000 0.000000 -1
0 -233.196915 -5.800781 108.666115 0.000000 1.000000 -1
0 -233.196915 5.800781 108.666115 0.000000 0.000000 -1
0 -237.410629 -5.800781 100.396416 1.000000 1.000000 -1
0 -229.141037 5.800781 96.182831 1.000000 0.000000 -1
0 -237.410629 -5.800781 100.396416 0.000000 1.000000 -1
0 -237.410629 5.800781 100.396416 0.000000 0.000000 -1
0 -229.141037 -5.800781 96.182831 1.000000 1.000000 -1
0 -229.141037 5.800781 96.182831 0.000000 1.000000 -1
0 -224.927536 5.800781 104.452438 1.000000 1.000000 -1
0 -224.927536 -5.800781 104.452438 1.000000 0.000000 -1
0 -229.141037 -5.800781 96.182831 0.000000 0.000000 -1
0 -221.058243 -20.932137 109.701736 0.000000 0.000000 -1
0 -222.967636 -14.621639 110.674545 0.000000 1.000000 -1
0 -218.568222 -20.932137 114.588120 1.000000 0.000000 -1
0 -220.477676 -14.621639 115.561150 1.000000 1.000000 -1
0 -218.568222 -20.932137 114.588120 0.000000 0.000000 -1
0 -220.477676 -14.621639 115.561150 0.000000 1.000000 -1
0 -217.428040 -37.321724 114.007217 1.000000 0.000000 -1
0 -224.975784 -17.300287 117.853073 1.000000 1.000000 -1
0 -217.428040 -37.321724 114.007217 0.000000 0.000000 -1
0 -224.975784 -17.300287 117.853073 0.000000 1.000000 -1
0 -219.918060 -37.321724 109.120842 1.000000 0.000000 -1
0 -227.465714 -17.300287 112.966484 1.000000 1.000000 -1
0 -219.918060 -37.321724 109.120842 0.000000 0.000000 -1
0 -227.465714 -17.300287 112.966484 0.000000 1.000000 -1
0 -221.058243 -20.932137 109.701736 1.000000 0.000000 -1
0 -222.967636 -14.621639 110.674545 1.000000 1.000000 -1
0 -221.058243 -20.932137 109.701736 0.000000 1.000000 -1
0 -218.568222 -20.932137 114.588120 1.000000 1.000000 -1
0 -222.967636 -14.621639 110.674545 0.000000 0.000000 -1
0 -220.477676 -14.621639 115.561150 1.000000 0.000000 -1
0 -222.296844 -15.921768 106.900101 0.000000 0.000000 -1
0 -224.826447 -2.678009 108.188782 0.000000 1.000000 -1
0 -217.317413 -15.921768 116.673378 1.000000 0.000000 -1
0 -219.846771 -2.678009 117.962173 1.000000 1.000000 -1
0 -217.317413 -15.921768 116.673378 0.000000 0.000000 -1
0 -219.846771 -2.678009 117.962173 0.000000 1.000000 -1
0 -226.757248 -19.470423 121.483215 1.000000 0.000000 -1
0 -229.286972 -6.226670 122.772285 1.000000 1.000000 -1
0 -226.757248 -19.470423 121.483215 0.000000 0.000000 -1
0 -229.286972 -6.226670 122.772285 0.000000 1.000000 -1
0 -231.737167 -19.470423 111.710144 1.000000 0.000000 -1
0 -234.266602 -6.226670 112.998909 1.000000 1.000000 -1
0 -231.737167 -19.470423 111.710144 0.000000 0.000000 -1
0 -234.266602 -6.226670 112.998909 0.000000 1.000000 -1
0 -222.296844 -15.921768 106.900101 1.000000 0.000000 -1
0 -224.826447 -2.678009 108.188782 1.000000 1.000000 -1
0 -222.296844 -15.921768 106.900101 0.000000 1.000000 -1
0 -217.317413 -15.921768 116.673378 1.000000 1.000000 -1
0 -224.826447 -2.678009 108.188782 0.000000 0.000000 -1
0 -219.846771 -2.678009 117.962173 1.000000 0.000000 -1
0 -218.568222 20.932137 114.588120 1.000000 0.000000 -1
0 -222.967636 14.621639 110.674545 0.000000 1.000000 -1
0 -221.058243 20.932137 109.701736 0.000000 0.000000 -1
0 -220.477676 14.621639 115.561150 1.000000 1.000000 -1
0 -217.428040 37.321724 114.007217 1.000000 0.000000 -1
0 -220.477676 14.621639 115.561150 0.000000 1.000000 -1
0 -218.568222 20.932137 114.588120 0.000000 0.000000 -1
0 -224.975784 17.300287 117.853073 1.000000 1.000000 -1
0 -219.918060 37.321724 109.120842 1.000000 0.000000 -1
0 -224.975784 17.300287 117.853073 0.000000 1.000000 -1
0 -217.428040 37.321724 114.007217 0.000000 0.000000 -1
0 -227.465714 17.300287 112.966484 1.000000 1.000000 -1
0 -221.058243 20.932137 109.701736 1.000000 0.000000 -1
0 -227.465714 17.300287 112.966484 0.000000 1.000000 -1
0 -219.918060 37.321724 109.120842 0.000000 0.000000 -1
0 -222.967636 14.621639 110.674545 1.000000 1.000000 -1
0 -221.058243 20.932137 109.701736 0.000000 1.000000 -1
0 -218.568222 20.932137 114.588120 1.000000 1.000000 -1
0 -220.477676 14.621639 115.561150 1.000000 0.000000 -1
0 -222.967636 14.621639 110.674545 0.000000 0.000000 -1
0 -212.669525 5.800781 128.509750 0.000000 0.000000 -1
0 -212.669525 -5.800781 128.509750 0.000000 1.000000 -1
0 -216.883118 5.800781 120.240028 1.000000 0.000000 -1
0 -216.883118 -5.800781 120.240028 1.000000 1.000000 -1
0 -216.883118 5.800781 120.240028 0.000000 0.000000 -1
0 -216.883118 -5.800781 120.240028 0.000000 1.000000 -1
0 -225.152847 5.800781 124.453682 1.000000 0.000000 -1
0 -225.152847 -5.800781 124.453682 1.000000 1.000000 -1
0 -225.152847 5.800781 124.453682 0.000000 0.000000 -1
0 -225.152847 -5.800781 124.453682 0.000000 1.000000 -1
0 -220.939102 5.800781 132.723282 1.000000 0.000000 -1
0 -220.939102 -5.800781 132.723282 1.000000 1.000000 -1
0 -220.939102 5.800781 132.723282 0.000000 0.000000 -1
0 -220.939102 -5.800781 132.723282 0.000000 1.000000 -1
0 -212.669525 5.800781 128.509750 1.000000 0.000000 -1
0 -212.669525 -5.800781 128.509750 1.000000 1.000000 -1
0 -212.669525 5.800781 128.509750 0.000000 1.000000 -1
0 -216.883118 5.800781 120.240028 1.000000 1.000000 -1
0 -212.669525 -5.800781 128.509750 0.000000 0.000000 -1
0 -216.883118 -5.800781 120.240028 1.000000 0.000000 -1
0 219.032440 6.855469 -117.968445 0.000000 0.000000 -1
0 219.032440 -6.855469 -117.968445 0.000000 1.000000 -1
0 224.012192 6.855469 -108.195282 1.000000 0.000000 -1
0 224.012192 -6.855469 -108.195282 1.000000 1.000000 -1
0 224.012192 6.855469 -108.195282 0.000000 0.000000 -1
0 224.012192 -6.855469 -108.195282 0.000000 1.000000 -1
0 233.785568 6.855469 -113.175171 1.000000 0.000000 -1
0 233.785568 -6.855469 -113.175171 1.000000 1.000000 -1
0 233.785568 6.855469 -113.175171 0.000000 0.000000 -1
0 233.785568 -6.855469 -113.175171 0.000000 1.000000 -1
0 228.805786 6.855469 -122.948135 1.000000 0.000000 -1
0 228.805786 -6.855469 -122.948135 1.000000 1.000000 -1
0 228.805786 6.855469 -122.948135 0.000000 0.000000 -1
0 228.805786 -6.855469 -122.948135 0.000000 1.000000 -1
0 219.032440 6.855469 -117.968445 1.000000 0.000000 -1
0 219.032440 -6.855469 -117.968445 1.000000 1.000000 -1
0 219.032440 6.855469 -117.968445 0.000000 1.000000 -1
0 224.012192 6.855469 -108.195282 1.000000 1.000000 -1
0 219.032440 -6.855469 -117.968445 0.000000 0.000000 -1
0 224.012192 -6.855469 -108.195282 1.000000 0.000000 -1
0 216.806580 15.921768 -116.834282 0.000000 0.000000 -1
0 219.335999 2.678009 -118.123207 0.000000 1.000000 -1
0 221.786316 15.921768 -107.061218 1.000000 0.000000 -1
0 224.315796 2.678009 -108.349998 1.000000 1.000000 -1
0 221.786316 15.921768 -107.061218 0.000000 0.000000 -1
0 224.315796 2.678009 -108.349998 0.000000 1.000000 -1
0 231.226639 19.470423 -111.871155 1.000000 0.000000 -1
0 233.755936 6.226671 -113.159988 1.000000 1.000000 -1
0 231.226639 19.470423 -111.871155 0.000000 0.000000 -1
0 233.755936 6.226671 -113.159988 0.000000 1.000000 -1
0 226.246979 19.470423 -121.644447 1.000000 0.000000 -1
0 228.776611 6.226671 -122.933372 1.000000 1.000000 -1
0 226.246979 19.470423 -121.644447 0.000000 0.000000 -1
0 228.776611 6.226671 -122.933372 0.000000 1.000000 -1
0 216.806580 15.921768 -116.834282 1.000000 0.000000 -1
0 219.335999 2.678009 -118.123207 1.000000 1.000000 -1
0 216.806580 15.921768 -116.834282 0.000000 1.000000 -1
0 221.786316 15.921768 -107.061218 1.000000 1.000000 -1
0 219.335999 2.678009 -118.123207 0.000000 0.000000 -1
0 224.315796 2.678009 -108.349998 1.000000 0.000000 -1
0 220.834839 -20.932137 -109.298859 1.000000 0.000000 -1
0 220.254333 -14.621639 -115.158249 0.000000 1.000000 -1
0 218.344925 -20.932137 -114.185501 0.000000 0.000000 -1
0 222.744324 -14.621639 -110.271729 1.000000 1.000000 -1
0 219.694656 -37.321724 -108.717903 1.000000 0.000000 -1
0 222.744324 -14.621639 -110.271729 0.000000 1.000000 -1
0 220.834839 -20.932137 -109.298859 0.000000 0.000000 -1
0 227.242386 -17.300287 -112.563652 1.000000 1.000000 -1
0 217.204697 -37.321724 -113.604500 1.000000 0.000000 -1
0 227.242386 -17.300287 -112.563652 0.000000 1.000000 -1
0 219.694656 -37.321724 -108.717903 0.000000 0.000000 -1
0 224.752670 -17.300287 -117.450562 1.000000 1.000000 -1
0 218.344925 -20.932137 -114.185501 1.000000 0.000000 -1
0 224.752670 -17.300287 -117.450562 0.000000 1.000000 -1
0 217.204697 -37.321724 -113.604500 0.000000 0.000000 -1
0 220.254333 -14.621639 -115.158249 1.000000 1.000000 -1
0 218.344925 -20.932137 -114.185501 0.000000 1.000000 -1
0 220.834839 -20.932137 -109.298859 1.000000 1.000000 -1
0 222.744324 -14.621639 -110.271729 1.000000 0.000000 -1
0 220.254333 -14.621639 -115.158249 0.000000 0.000000 -1
0 221.786316 -15.921768 -107.061218 1.000000 0.000000 -1
0 219.335999 -2.678009 -118.123207 0.000000 1.000000 -1
0 216.806580 -15.921768 -116.834282 0.000000 0.000000 -1
0 224.315796 -2.678009 -108.349998 1.000000 1.000000 -1
0 231.226639 -19.470423 -111.871155 1.000000 0.000000 -1
0 224.315796 -2.678009 -108.349998 0.000000 1.000000 -1
0 221.786316 -15.921768 -107.061218 0.000000 0.000000 -1
0 233.755936 -6.226670 -113.159988 1.000000 1.000000 -1
0 226.246979 -19.470423 -121.644447 1.000000 0.000000 -1
0 233.755936 -6.226670 -113.159988 0.000000 1.000000 -1
0 231.226639 -19.470423 -111.871155 0.000000 0.000000 -1
0 228.776611 -6.226670 -122.933372 1.000000 1.000000 -1
0 216.806580 -15.921768 -116.834282 1.000000 0.000000 -1
0 228.776611 -6.226670 -122.933372 0.000000 1.000000 -1
0 226.246979 -19.470423 -121.644447 0.000000 0.000000 -1
0 219.335999 -2.678009 -118.123207 1.000000 1.000000 -1
0 216.806580 -15.921768 -116.834282 0.000000 1.000000 -1
0 221.786316 -15.921768 -107.061218 1.000000 1.000000 -1
0 224.315796 -2.678009 -108.349998 1.000000 0.000000 -1
0 219.335999 -2.678009 -118.123207 0.000000 0.000000 -1
0 218.344925 20.932137 -114.185501 0.000000 0.000000 -1
0 220.254333 14.621639 -115.158249 0.000000 1.000000 -1
0 220.834839 20.932137 -109.298859 1.000000 0.000000 -1
0 222.744324 14.621639 -110.271729 1.000000 1.000000 -1
0 220.834839 20.932137 -109.298859 0.000000 0.000000 -1
0 222.744324 14.621639 -110.271729 0.000000 1.000000 -1
0 219.694656 37.321724 -108.717903 1.000000 0.000000 -1
0 227.242386 17.300287 -112.563652 1.000000 1.000000 -1
0 219.694656 37.321724 -108.717903 0.000000 0.000000 -1
0 227.242386 17.300287 -112.563652 0.000000 1.000000 -1
0 217.204697 37.321724 -113.604500 1.000000 0.000000 -1
0 224.752670 17.300287 -117.450562 1.000000 1.000000 -1
0 217.204697 37.321724 -113.604500 0.000000 0.000000 -1
0 224.752670 17.300287 -117.450562 0.000000 1.000000 -1
0 218.344925 20.932137 -114.185501 1.000000 0.000000 -1
0 220.254333 14.621639 -115.158249 1.000000 1.000000 -1
0 218.344925 20.932137 -114.185501 0.000000 1.000000 -1
0 220.834839 20.932137 -109.298859 1.000000 1.000000 -1
0 220.254333 14.621639 -115.158249 0.000000 0.000000 -1
0 222.744324 14.621639 -110.271729 1.000000 0.000000 -1
0 224.416733 5.800781 -104.613503 1.000000 0.000000 -1
0 228.630463 -5.800781 -96.343925 0.000000 1.000000 -1
0 228.630463 5.800781 -96.343925 0.000000 0.000000 -1
0 224.416733 -5.800781 -104.613503 1.000000 1.000000 -1
0 232.686707 5.800781 -108.827271 1.000000 0.000000 -1
0 224.416733 -5.800781 -104.613503 0.000000 1.000000 -1
0 224.416733 5.800781 -104.613503 0.000000 0.000000 -1
0 232.686707 -5.800781 -108.827271 1.000000 1.000000 -1
0 236.900040 5.800781 -100.557495 1.000000 0.000000 -1
0 232.686707 -5.800781 -108.827271 0.000000 1.000000 -1
0 232.686707 5.800781 -108.827271 0.000000 0.000000 -1
0 236.900040 -5.800781 -100.557495 1.000000 1.000000 -1
0 228.630463 5.800781 -96.343925 1.000000 0.000000 -1
0 236.900040 -5.800781 -100.557495 0.000000 1.000000 -1
0 236.900040 5.800781 -100.557495 0.000000 0.000000 -1
0 228.630463 -5.800781 -96.343925 1.000000 1.000000 -1
0 228.630463 5.800781 -96.343925 0.000000 1.000000 -1
0 224.416733 5.800781 -104.613503 1.000000 1.000000 -1
0 224.416733 -5.800781 -104.613503 1.000000 0.000000 -1
0 228.630463 -5.800781 -96.343925 0.000000 0.000000 -1
0 212.158920 5.800781 -128.670761 0.000000 0.000000 -1
0 212.158920 -5.800781 -128.670761 0.000000 1.000000 -1
0 216.372589 5.800781 -120.401115 1.000000 0.000000 -1
0 216.372589 -5.800781 -120.401115 1.000000 1.000000 -1
0 216.372589 5.800781 -120.401115 0.000000 0.000000 -1
0 216.372589 -5.800781 -120.401115 0.000000 1.000000 -1
0 224.642120 5.800781 -124.614609 1.000000 0.000000 -1
0 224.642120 -5.800781 -124.614609 1.000000 1.000000 -1
0 224.642120 5.800781 -124.614609 0.000000 0.000000 -1
0 224.642120 -5.800781 -124.614609 0.000000 1.000000 -1
0 220.428635 5.800781 -132.884369 1.000000 0.000000 -1
0 220.428635 -5.800781 -132.884369 1.000000 1.000000 -1
0 220.428635 5.800781 -132.884369 0.000000 0.000000 -1
0 220.428635 -5.800781 -132.884369 0.000000 1.000000 -1
0 212.158920 5.800781 -128.670761 1.000000 0.000000 -1
0 212.158920 -5.800781 -128.670761 1.000000 1.000000 -1
0 212.158920 5.800781 -128.670761 0.000000 1.000000 -1
0 216.372589 5.800781 -120.401115 1.000000 1.000000 -1
0 212.158920 -5.800781 -128.670761 0.000000 0.000000 -1
0 216.372589 -5.800781 -120.401115 1.000000 0.000000 -1
170
0.890997 0.000000 -0.454010
0.453988 0.000000 0.891008
-0.891005 0.000000 0.453993
-0.453987 0.000000 -0.891008
0.000000 1.000000 0.000000
0.000000 -1.000000 0.000000
0.871224 -0.209593 -0.443892
0.871226 -0.209599 -0.443885
0.871221 -0.209587 -0.443899
0.453995 0.000003 0.891004
0.453991 0.000001 0.891006
0.453999 0.000005 0.891002
-0.871211 0.209605 0.443910
-0.871201 0.209619 0.443925
-0.871222 0.209591 0.443896
-0.453991 0.000009 -0.891006
-0.453987 0.000002 -0.891008
-0.453995 0.000016 -0.891004
0.282984 0.948225 -0.144187
0.282974 0.948227 -0.144191
0.282994 0.948222 -0.144184
-0.282982 -0.948226 0.144183
-0.282982 -0.948226 0.144183
-0.282982 -0.948226 0.144182
0.891010 0.000000 -0.453984
0.454009 0.000000 0.890997
-0.891002 0.000000 0.453998
-0.453992 0.000000 -0.891006
0.843668 0.321547 -0.429920
0.843671 0.321558 -0.429906
0.843674 0.321568 -0.429893
0.454055 0.000008 0.890974
0.454025 0.000003 0.890989
0.453995 -0.000002 0.891004
-0.820561 -0.389658 0.418145
-0.820570 -0.389655 0.418133
-0.820578 -0.389651 0.418120
-0.453989 -0.000003 -0.891007
-0.453991 -0.000007 -0.891006
-0.453993 -0.000012 -0.891005
0.888282 0.077839 -0.452655
0.888282 0.077839 -0.452654
0.888282 0.077839 -0.452654
-0.417618 0.883353 0.212796
-0.417617 0.883354 0.212795
-0.417617 0.883354 0.212794
0.871226 0.209599 -0.443885
0.871224 0.209593 -0.443892
0.871221 0.209587 -0.443899
0.453991 -0.000001 0.891006
0.453995 -0.000003 0.891004
0.453999 -0.000005 0.891002
-0.871201 -0.209619 0.443925
-0.871211 -0.209605 0.443910
-0.871222 -0.209591 0.443896
-0.453987 -0.000002 -0.891008
-0.453991 -0.000009 -0.891006
-0.453995 -0.000016 -0.891004
0.282974 -0.948227 -0.144191
0.282984 -0.948225 -0.144187
0.282994 -0.948222 -0.144184
-0.282982 0.948226 0.144183
-0.282982 0.948226 0.144182
-0.282982 0.948226 0.144182
0.843671 -0.321558 -0.429906
0.843668 -0.321547 -0.429920
0.843674 -0.321568 -0.429893
0.454025 -0.000003 0.890989
0.454055 -0.000008 0.890974
0.453995 0.000002 0.891004
-0.820570 0.389655 0.418133
-0.820561 0.389658 0.418145
-0.820578 0.389651 0.418120
-0.453991 0.000007 -0.891006
-0.453989 0.000003 -0.891007
-0.453993 0.000012 -0.891005
0.888282 -0.077839 -0.452654
0.888282 -0.077839 -0.452655
0.888282 -0.077839 -0.452654
-0.417617 -0.883354 0.212795
-0.417618 -0.883353 0.212796
-0.417617 -0.883354 0.212794
0.891008 0.000000 -0.453987
-0.453992 0.000000 -0.891006
-0.890999 0.000000 0.454005
0.453988 0.000000 0.891008
-0.891004 0.000000 0.453996
0.453998 0.000000 0.891003
0.890999 0.000000 -0.454006
-0.453985 0.000000 -0.891009
-0.871212 -0.209595 0.443914
-0.871212 -0.209595 0.443914
-0.871212 -0.209595 0.443914
0.453979 0.000001 0.891012
0.453986 -0.000002 0.891009
0.453992 -0.000006 0.891006
0.871221 0.209585 -0.443902
0.871225 0.209597 -0.443887
0.871230 0.209609 -0.443872
-0.453994 0.000000 -0.891005
-0.453991 0.000004 -0.891006
-0.453988 0.000009 -0.891008
-0.282975 0.948228 0.144181
-0.282976 0.948227 0.144184
-0.282977 0.948227 0.144187
0.282969 -0.948230 -0.144183
0.282979 -0.948228 -0.144179
0.282988 -0.948225 -0.144176
-0.843678 0.321554 0.429895
-0.843686 0.321546 0.429887
-0.843671 0.321562 0.429904
0.453978 -0.000000 0.891013
0.453960 0.000003 0.891022
0.453996 -0.000003 0.891004
0.820585 -0.389663 -0.418094
0.820574 -0.389656 -0.418123
0.820596 -0.389670 -0.418066
-0.454014 0.000016 -0.890994
-0.454007 0.000000 -0.890998
-0.454022 0.000032 -0.890991
-0.888297 0.077842 0.452624
-0.888294 0.077844 0.452629
-0.888300 0.077841 0.452620
0.417611 0.883361 -0.212779
0.417589 0.883369 -0.212788
0.417633 0.883353 -0.212770
-0.871212 0.209595 0.443914
-0.871212 0.209595 0.443914
-0.871212 0.209595 0.443914
0.453986 0.000002 0.891009
0.453979 -0.000001 0.891012
0.453992 0.000006 0.891006
0.871225 -0.209597 -0.443887
0.871221 -0.209585 -0.443902
0.871230 -0.209609 -0.443872
-0.453991 -0.000004 -0.891006
-0.453994 -0.000000 -0.891005
-0.453988 -0.000009 -0.891008
-0.282976 -0.948227 0.144184
-0.282975 -0.948228 0.144181
-0.282977 -0.948227 0.144187
0.282979 0.948228 -0.144179
0.282969 0.948230 -0.144183
0.282988 0.948225 -0.144176
-0.843686 -0.321546 0.429887
-0.843678 -0.321554 0.429895
-0.843671 -0.321562 0.429904
0.453960 -0.000003 0.891022
0.453978 0.000000 0.891013
0.453996 0.000003 0.891004
0.820574 0.389656 -0.418123
0.820585 0.389663 -0.418094
0.820596 0.389670 -0.418066
-0.454007 -0.000000 -0.890998
-0.454014 -0.000016 -0.890994
-0.454022 -0.000032 -0.890991
-0.888294 -0.077844 0.452629
-0.888297 -0.077842 0.452624
-0.888300 -0.077841 0.452620
0.417589 -0.883369 -0.212788
0.417611 -0.883361 -0.212779
0.417633 -0.883353 -0.212770
-0.890999 0.000000 0.454005
-0.453991 0.000000 -0.891006
0.891021 0.000000 -0.453962
0.453991 0.000000 0.891006
-0.891003 0.000000 0.453997
0.453987 0.000000 0.891008
0.891014 0.000000 -0.453976
-0.453989 0.000000 -0.891007
168
0 0 1 2 0 0 0 1
0 0 3 1 0 0 0 1
0 4 5 6 1 1 1 2
0 4 7 5 1 1 1 2
0 8 9 10 2 2 2 1
0 8 11 9 2 2 2 1
0 12 13 14 3 3 3 2
0 12 15 13 3 3 3 2
0 4 16 14 4 4 4 3
0 4 17 16 4 4 4 3
0 18 13 19 5 5 5 3
0 18 7 13 5 5 5 3
0 20 21 22 6 6 7 1
0 20 23 21 6 8 6 1
0 24 25 26 9 9 10 2
0 24 27 25 9 11 9 2
0 28 29 30 12 12 13 1
0 28 31 29 12 14 12 1
0 32 33 34 15 15 16 2
0 32 35 33 15 17 15 2
0 24 36 34 18 18 19 3
0 24 37 36 18 20 18 3
0 38 33 39 21 21 22 3
0 38 27 33 21 23 21 3
0 40 41 42 24 24 24 1
0 40 43 41 24 24 24 1
0 44 45 46 25 25 25 2
0 44 47 45 25 25 25 2
0 48 49 50 26 26 26 1
0 48 51 49 26 26 26 1
0 52 53 54 27 27 27 2
0 52 55 53 27 27 27 2
0 44 56 54 4 4 4 3
0 44 57 56 4 4 4 3
0 58 53 59 5 5 5 3
0 58 47 53 5 5 5 3
0 60 61 62 28 29 29 1
0 61 63 62 29 30 29 1
0 64 65 66 31 32 32 2
0 65 67 66 32 33 32 2
0 68 69 70 34 35 35 1
0 69 71 70 35 36 35 1
0 72 73 74 37 38 38 2
0 73 75 74 38 39 38 2
0 72 76 66 40 41 41 3
0 76 77 66 41 42 41 3
0 78 73 79 43 44 44 3
0 73 67 79 44 45 44 3
0 80 81 82 46 47 47 1
0 81 83 82 47 48 47 1
0 84 85 86 49 50 50 2
0 85 87 86 50 51 50 2
0 88 89 90 52 53 53 1
0 89 91 90 53 54 53 1
0 92 93 94 55 56 56 2
0 93 95 94 56 57 56 2
0 92 96 86 58 59 59 3
0 96 97 86 59 60 59 3
0 98 93 99 61 62 62 3
0 93 87 99 62 63 62 3
0 100 101 102 64 64 65 1
0 100 103 101 64 66 64 1
0 104 105 106 67 67 68 2
0 104 107 105 67 69 67 2
0 108 109 110 70 70 71 1
0 108 111 109 70 72 70 1
0 112 113 114 73 73 74 2
0 112 115 113 73 75 73 2
0 104 116 114 76 76 77 3
0 104 117 116 76 78 76 3
0 118 113 119 79 79 80 3
0 118 107 113 79 81 79 3
0 120 121 122 82 82 82 1
0 121 123 122 82 82 82 1
0 124 125 126 83 83 83 2
0 125 127 126 83 83 83 2
0 128 129 130 84 84 84 1
0 129 131 130 84 84 84 1
0 132 133 134 85 85 85 2
0 133 135 134 85 85 85 2
0 132 136 126 4 4 4 3
0 136 137 126 4 4 4 3
0 138 133 139 5 5 5 3
0 133 127 139 5 5 5 3
0 140 141 142 86 86 86 1
0 141 143 142 86 86 86 1
0 144 145 146 87 87 87 2
0 145 147 146 87 87 87 2
0 148 149 150 88 88 88 1
0 149 151 150 88 88 88 1
0 152 153 154 89 89 89 2
0 153 155 154 89 89 89 2
0 152 156 146 4 4 4 3
0 156 157 146 4 4 4 3
0 158 153 159 5 5 5 3
0 153 147 159 5 5 5 3
0 160 161 162 90 91 91 1
0 161 163 162 91 92 91 1
0 164 165 166 93 94 94 2
0 165 167 166 94 95 94 2
0 168 169 170 96 97 97 1
0 169 171 170 97 98 97 1
0 172 173 174 99 100 100 2
0 173 175 174 100 101 100 2
0 172 176 166 102 103 103 3
0 176 177 166 103 104 103 3
0 178 173 179 105 106 106 3
0 173 167 179 106 107 106 3
0 180 181 182 108 108 109 1
0 180 183 181 108 110 108 1
0 184 185 186 111 111 112 2
0 184 187 185 111 113 111 2
0 188 189 190 114 114 115 1
0 188 191 189 114 116 114 1
0 192 193 194 117 117 118 2
0 192 195 193 117 119 117 2
0 184 196 194 120 120 121 3
0 184 197 196 120 122 120 3
0 198 193 199 123 123 124 3
0 198 187 193 123 125 123 3
0 200 201 202 126 126 127 1
0 200 203 201 126 128 126 1
0 204 205 206 129 129 130 2
0 204 207 205 129 131 129 2
0 208 209 210 132 132 133 1
0 208 211 209 132 134 132 1
0 212 213 214 135 135 136 2
0 212 215 213 135 137 135 2
0 204 216 214 138 138 139 3
0 204 217 216 138 140 138 3
0 218 213 219 141 141 142 3
0 218 207 213 141 143 141 3
0 220 221 222 144 145 145 1
0 221 223 222 145 146 145 1
0 224 225 226 147 148 148 2
0 225 227 226 148 149 148 2
0 228 229 230 150 151 151 1
0 229 231 230 151 152 151 1
0 232 233 234 153 154 154 2
0 233 235 234 154 155 154 2
0 232 236 226 156 157 157 3
0 236 237 226 157 158 157 3
0 238 233 239 159 160 160 3
0 233 227 239 160 161 160 3
0 240 241 242 162 162 162 1
0 240 243 241 162 162 162 1
0 244 245 246 163 163 163 2
0 244 247 245 163 163 163 2
0 248 249 250 164 164 164 1
0 248 251 249 164 164 164 1
0 252 253 254 165 165 165 2
0 252 255 253 165 165 165 2
0 244 256 254 4 4 4 3
0 244 257 256 4 4 4 3
0 258 253 259 5 5 5 3
0 258 247 253 5 5 5 3
0 260 261 262 166 166 166 1
0 261 263 262 166 166 166 1
0 264 265 266 167 167 167 2
0 265 267 266 167 167 167 2
0 268 269 270 168 168 168 1
0 269 271 270 168 168 168 1
0 272 273 274 169 169 169 2
0 273 275 274 169 169 169 2
0 272 276 266 4 4 4 3
0 276 277 266 4 4 4 3
0 278 273 279 5 5 5 3
0 273 267 279 5 5 5 3
