// MilkShape 3D ASCII

Frames: 30
Frame: 1

Meshes: 1
"Regroup01" 1 0
1024
1 70.878876 82.000008 75.360962 0.000000 0.000000 -1
1 70.878876 47.000000 75.360962 0.000000 1.000000 -1
1 105.878876 82.000008 22.860962 1.000000 0.000000 -1
1 105.878876 47.000000 22.860962 1.000000 1.000000 -1
1 105.878876 82.000008 22.860962 0.000000 0.000000 -1
1 105.878876 47.000000 22.860962 0.000000 1.000000 -1
1 105.878876 82.000008 18.860962 1.000000 0.000000 -1
1 105.878876 47.000000 18.860962 1.000000 1.000000 -1
1 105.878876 82.000008 18.860962 0.000000 0.000000 -1
1 105.878876 47.000000 18.860962 0.000000 1.000000 -1
1 70.878876 82.000008 71.360962 1.000000 0.000000 -1
1 70.878876 47.000000 71.360962 1.000000 1.000000 -1
1 70.878876 82.000008 71.360962 0.000000 0.000000 -1
1 70.878876 47.000000 71.360962 0.000000 1.000000 -1
1 70.878876 82.000008 75.360962 1.000000 0.000000 -1
1 70.878876 47.000000 75.360962 1.000000 1.000000 -1
1 70.878876 82.000008 75.360962 0.000000 1.000000 -1
1 105.878876 82.000008 22.860962 1.000000 1.000000 -1
1 70.878876 47.000000 75.360962 0.000000 0.000000 -1
1 105.878876 47.000000 22.860962 1.000000 0.000000 -1
1 105.878876 82.000008 26.860962 1.000000 0.000000 -1
1 70.878876 47.000000 79.360962 0.000000 1.000000 -1
1 70.878876 82.000008 79.360962 0.000000 0.000000 -1
1 105.878876 47.000000 26.860962 1.000000 1.000000 -1
1 105.878876 82.000008 30.860962 1.000000 0.000000 -1
1 105.878876 47.000000 26.860962 0.000000 1.000000 -1
1 105.878876 82.000008 26.860962 0.000000 0.000000 -1
1 105.878876 47.000000 30.860962 1.000000 1.000000 -1
1 70.878876 82.000008 83.360962 1.000000 0.000000 -1
1 105.878876 47.000000 30.860962 0.000000 1.000000 -1
1 105.878876 82.000008 30.860962 0.000000 0.000000 -1
1 70.878876 47.000000 83.360962 1.000000 1.000000 -1
1 70.878876 82.000008 79.360962 1.000000 0.000000 -1
1 70.878876 47.000000 83.360962 0.000000 1.000000 -1
1 70.878876 82.000008 83.360962 0.000000 0.000000 -1
1 70.878876 47.000000 79.360962 1.000000 1.000000 -1
1 70.878876 82.000008 79.360962 0.000000 1.000000 -1
1 105.878876 82.000008 26.860962 1.000000 1.000000 -1
1 105.878876 47.000000 26.860962 1.000000 0.000000 -1
1 70.878876 47.000000 79.360962 0.000000 0.000000 -1
1 70.878876 82.000008 91.860962 0.000000 0.000000 -1
1 70.878876 47.000000 91.860962 0.000000 1.000000 -1
1 105.878876 82.000008 39.360962 1.000000 0.000000 -1
1 105.878876 47.000000 39.360962 1.000000 1.000000 -1
1 105.878876 82.000008 39.360962 0.000000 0.000000 -1
1 105.878876 47.000000 39.360962 0.000000 1.000000 -1
1 105.878876 82.000008 35.360962 1.000000 0.000000 -1
1 105.878876 47.000000 35.360962 1.000000 1.000000 -1
1 105.878876 82.000008 35.360962 0.000000 0.000000 -1
1 105.878876 47.000000 35.360962 0.000000 1.000000 -1
1 70.878876 82.000008 87.860962 1.000000 0.000000 -1
1 70.878876 47.000000 87.860962 1.000000 1.000000 -1
1 70.878876 82.000008 87.860962 0.000000 0.000000 -1
1 70.878876 47.000000 87.860962 0.000000 1.000000 -1
1 70.878876 82.000008 91.860962 1.000000 0.000000 -1
1 70.878876 47.000000 91.860962 1.000000 1.000000 -1
1 70.878876 82.000008 91.860962 0.000000 1.000000 -1
1 105.878876 82.000008 39.360962 1.000000 1.000000 -1
1 70.878876 47.000000 91.860962 0.000000 0.000000 -1
1 105.878876 47.000000 39.360962 1.000000 0.000000 -1
1 105.878876 82.000008 43.360962 1.000000 0.000000 -1
1 70.878876 47.000000 95.860962 0.000000 1.000000 -1
1 70.878876 82.000008 95.860962 0.000000 0.000000 -1
1 105.878876 47.000000 43.360962 1.000000 1.000000 -1
1 105.878876 82.000008 47.360962 1.000000 0.000000 -1
1 105.878876 47.000000 43.360962 0.000000 1.000000 -1
1 105.878876 82.000008 43.360962 0.000000 0.000000 -1
1 105.878876 47.000000 47.360962 1.000000 1.000000 -1
1 70.878876 82.000008 99.860962 1.000000 0.000000 -1
1 105.878876 47.000000 47.360962 0.000000 1.000000 -1
1 105.878876 82.000008 47.360962 0.000000 0.000000 -1
1 70.878876 47.000000 99.860962 1.000000 1.000000 -1
1 70.878876 82.000008 95.860962 1.000000 0.000000 -1
1 70.878876 47.000000 99.860962 0.000000 1.000000 -1
1 70.878876 82.000008 99.860962 0.000000 0.000000 -1
1 70.878876 47.000000 95.860962 1.000000 1.000000 -1
1 70.878876 82.000008 95.860962 0.000000 1.000000 -1
1 105.878876 82.000008 43.360962 1.000000 1.000000 -1
1 105.878876 47.000000 43.360962 1.000000 0.000000 -1
1 70.878876 47.000000 95.860962 0.000000 0.000000 -1
1 71.128876 52.387634 30.375275 0.000000 0.000000 -1
1 71.128876 23.887634 30.375275 0.000000 1.000000 -1
1 105.628876 52.387634 30.375275 1.000000 0.000000 -1
1 105.628876 23.887634 30.375275 1.000000 1.000000 -1
1 105.628876 52.387634 30.375275 0.000000 0.000000 -1
1 105.628876 23.887634 30.375275 0.000000 1.000000 -1
1 105.628876 52.387634 -4.124725 1.000000 0.000000 -1
1 105.628876 23.887634 -4.124725 1.000000 1.000000 -1
1 105.628876 52.387634 -4.124725 0.000000 0.000000 -1
1 105.628876 23.887634 -4.124725 0.000000 1.000000 -1
1 71.128876 52.387634 -4.124725 1.000000 0.000000 -1
1 71.128876 23.887634 -4.124725 1.000000 1.000000 -1
1 71.128876 52.387634 -4.124725 0.000000 0.000000 -1
1 71.128876 23.887634 -4.124725 0.000000 1.000000 -1
1 71.128876 52.387634 30.375275 1.000000 0.000000 -1
1 71.128876 23.887634 30.375275 1.000000 1.000000 -1
1 71.128876 52.387634 30.375275 0.000000 1.000000 -1
1 105.628876 52.387634 30.375275 1.000000 1.000000 -1
1 71.128876 23.887634 30.375275 0.000000 0.000000 -1
1 105.628876 23.887634 30.375275 1.000000 0.000000 -1
1 50.628883 -30.886719 40.125168 0.000000 0.000000 -1
1 50.628883 38.611435 69.625381 0.000000 1.000000 -1
1 126.128876 -30.886719 40.125168 1.000000 0.000000 -1
1 126.128876 38.611435 69.625381 1.000000 1.000000 -1
1 126.128876 14.137634 113.250275 1.000000 0.000000 -1
1 50.628883 14.137634 75.500259 0.000000 1.000000 -1
1 50.628883 14.137634 113.250275 0.000000 0.000000 -1
1 126.128876 14.137634 75.500259 1.000000 1.000000 -1
1 40.628883 19.387634 27.375275 0.000000 0.000000 -1
1 40.628883 18.387634 27.375275 0.000000 1.000000 -1
1 136.128876 19.387634 27.375275 1.000000 0.000000 -1
1 136.128876 18.387634 27.375275 1.000000 1.000000 -1
1 136.128876 19.387634 27.375275 0.000000 0.000000 -1
1 136.128876 18.387634 27.375275 0.000000 1.000000 -1
1 136.128876 19.387634 -68.124725 1.000000 0.000000 -1
1 136.128876 18.387634 -68.124725 1.000000 1.000000 -1
1 136.128876 19.387634 -68.124725 0.000000 0.000000 -1
1 136.128876 18.387634 -68.124725 0.000000 1.000000 -1
1 40.628883 19.387634 -68.124725 1.000000 0.000000 -1
1 40.628883 18.387634 -68.124725 1.000000 1.000000 -1
1 40.628883 19.387634 -68.124725 0.000000 0.000000 -1
1 40.628883 18.387634 -68.124725 0.000000 1.000000 -1
1 40.628883 19.387634 27.375275 1.000000 0.000000 -1
1 40.628883 18.387634 27.375275 1.000000 1.000000 -1
1 40.628883 19.387634 27.375275 0.000000 1.000000 -1
1 136.128876 19.387634 27.375275 1.000000 1.000000 -1
1 40.628883 18.387634 27.375275 0.000000 0.000000 -1
1 136.128876 18.387634 27.375275 1.000000 0.000000 -1
1 50.628883 -31.386719 50.125168 0.000000 0.000000 -1
1 50.628883 38.111435 79.625381 0.000000 1.000000 -1
1 126.128876 -31.386719 50.125168 1.000000 0.000000 -1
1 126.128876 38.111435 79.625381 1.000000 1.000000 -1
1 50.628883 -31.386719 44.625168 0.000000 0.000000 -1
1 50.628883 38.111435 74.125381 0.000000 1.000000 -1
1 126.128876 -31.386719 44.625168 1.000000 0.000000 -1
1 126.128876 38.111435 74.125381 1.000000 1.000000 -1
1 198.722870 96.983421 49.793030 0.000000 0.000000 -1
1 170.722778 48.485909 49.793030 0.000000 1.000000 -1
1 200.474426 95.972145 51.262482 1.000000 0.000000 -1
1 172.474365 47.474625 51.262482 1.000000 1.000000 -1
1 200.474426 95.972145 51.262482 0.000000 0.000000 -1
1 172.474365 47.474625 51.262482 0.000000 1.000000 -1
1 228.980560 79.514137 5.957520 1.000000 0.000000 -1
1 200.980469 31.016579 5.957520 1.000000 1.000000 -1
1 228.980560 79.514137 5.957520 0.000000 0.000000 -1
1 200.980469 31.016579 5.957520 0.000000 1.000000 -1
1 227.228973 80.525398 4.488068 1.000000 0.000000 -1
1 199.228943 32.027840 4.488068 1.000000 1.000000 -1
1 227.228973 80.525398 4.488068 0.000000 0.000000 -1
1 199.228943 32.027840 4.488068 0.000000 1.000000 -1
1 198.722870 96.983421 49.793030 1.000000 0.000000 -1
1 170.722778 48.485909 49.793030 1.000000 1.000000 -1
1 198.722870 96.983421 49.793030 0.000000 1.000000 -1
1 200.474426 95.972145 51.262482 1.000000 1.000000 -1
1 170.722778 48.485909 49.793030 0.000000 0.000000 -1
1 172.474365 47.474625 51.262482 1.000000 0.000000 -1
1 204.222870 92.483421 49.793030 0.000000 0.000000 -1
1 176.222778 43.985909 49.793030 0.000000 1.000000 -1
1 205.974426 91.472145 51.262482 1.000000 0.000000 -1
1 177.974365 42.974625 51.262482 1.000000 1.000000 -1
1 205.974426 91.472145 51.262482 0.000000 0.000000 -1
1 177.974365 42.974625 51.262482 0.000000 1.000000 -1
1 234.480560 75.014137 5.957520 1.000000 0.000000 -1
1 206.480469 26.516579 5.957520 1.000000 1.000000 -1
1 234.480560 75.014137 5.957520 0.000000 0.000000 -1
1 206.480469 26.516579 5.957520 0.000000 1.000000 -1
1 232.728973 76.025398 4.488068 1.000000 0.000000 -1
1 204.728943 27.527847 4.488068 1.000000 1.000000 -1
1 232.728973 76.025398 4.488068 0.000000 0.000000 -1
1 204.728943 27.527847 4.488068 0.000000 1.000000 -1
1 204.222870 92.483421 49.793030 1.000000 0.000000 -1
1 176.222778 43.985909 49.793030 1.000000 1.000000 -1
1 204.222870 92.483421 49.793030 0.000000 1.000000 -1
1 205.974426 91.472145 51.262482 1.000000 1.000000 -1
1 176.222778 43.985909 49.793030 0.000000 0.000000 -1
1 177.974365 42.974625 51.262482 1.000000 0.000000 -1
1 208.722870 88.483421 49.793030 0.000000 0.000000 -1
1 180.722778 39.985909 49.793030 0.000000 1.000000 -1
1 210.474426 87.472145 51.262482 1.000000 0.000000 -1
1 182.474365 38.974625 51.262482 1.000000 1.000000 -1
1 210.474426 87.472145 51.262482 0.000000 0.000000 -1
1 182.474365 38.974625 51.262482 0.000000 1.000000 -1
1 238.980560 71.014137 5.957520 1.000000 0.000000 -1
1 210.980469 22.516571 5.957520 1.000000 1.000000 -1
1 238.980560 71.014137 5.957520 0.000000 0.000000 -1
1 210.980469 22.516571 5.957520 0.000000 1.000000 -1
1 237.228973 72.025398 4.488068 1.000000 0.000000 -1
1 209.228943 23.527847 4.488068 1.000000 1.000000 -1
1 237.228973 72.025398 4.488068 0.000000 0.000000 -1
1 209.228943 23.527847 4.488068 0.000000 1.000000 -1
1 208.722870 88.483421 49.793030 1.000000 0.000000 -1
1 180.722778 39.985909 49.793030 1.000000 1.000000 -1
1 208.722870 88.483421 49.793030 0.000000 1.000000 -1
1 210.474426 87.472145 51.262482 1.000000 1.000000 -1
1 180.722778 39.985909 49.793030 0.000000 0.000000 -1
1 182.474365 38.974625 51.262482 1.000000 0.000000 -1
1 213.722870 84.483421 49.793030 0.000000 0.000000 -1
1 185.722778 35.985909 49.793030 0.000000 1.000000 -1
1 215.474426 83.472145 51.262482 1.000000 0.000000 -1
1 187.474365 34.974625 51.262482 1.000000 1.000000 -1
1 215.474426 83.472145 51.262482 0.000000 0.000000 -1
1 187.474365 34.974625 51.262482 0.000000 1.000000 -1
1 243.980560 67.014130 5.957520 1.000000 0.000000 -1
1 215.980469 18.516571 5.957520 1.000000 1.000000 -1
1 243.980560 67.014130 5.957520 0.000000 0.000000 -1
1 215.980469 18.516571 5.957520 0.000000 1.000000 -1
1 242.228973 68.025398 4.488068 1.000000 0.000000 -1
1 214.228943 19.527847 4.488068 1.000000 1.000000 -1
1 242.228973 68.025398 4.488068 0.000000 0.000000 -1
1 214.228943 19.527847 4.488068 0.000000 1.000000 -1
1 213.722870 84.483421 49.793030 1.000000 0.000000 -1
1 185.722778 35.985909 49.793030 1.000000 1.000000 -1
1 213.722870 84.483421 49.793030 0.000000 1.000000 -1
1 215.474426 83.472145 51.262482 1.000000 1.000000 -1
1 185.722778 35.985909 49.793030 0.000000 0.000000 -1
1 187.474365 34.974625 51.262482 1.000000 0.000000 -1
1 63.379158 76.034401 189.852295 0.000000 0.000000 -1
1 62.775124 75.314560 190.194275 0.000000 1.000000 -1
1 123.130676 25.896942 189.852295 1.000000 0.000000 -1
1 122.526642 25.177094 190.194275 1.000000 1.000000 -1
1 123.130676 25.896942 189.852295 0.000000 0.000000 -1
1 122.526642 25.177094 190.194275 0.000000 1.000000 -1
1 105.982635 5.460709 116.556244 1.000000 0.000000 -1
1 105.378601 4.740891 116.898254 1.000000 1.000000 -1
1 105.982635 5.460709 116.556244 0.000000 0.000000 -1
1 105.378601 4.740891 116.898254 0.000000 1.000000 -1
1 46.231125 55.598175 116.556244 1.000000 0.000000 -1
1 45.627098 54.878326 116.898254 1.000000 1.000000 -1
1 46.231125 55.598175 116.556244 0.000000 0.000000 -1
1 45.627098 54.878326 116.898254 0.000000 1.000000 -1
1 63.379158 76.034401 189.852295 1.000000 0.000000 -1
1 62.775124 75.314560 190.194275 1.000000 1.000000 -1
1 63.379158 76.034401 189.852295 0.000000 1.000000 -1
1 123.130676 25.896942 189.852295 1.000000 1.000000 -1
1 62.775124 75.314560 190.194275 0.000000 0.000000 -1
1 122.526642 25.177094 190.194275 1.000000 0.000000 -1
1 59.378883 112.887642 110.375275 0.000000 0.000000 -1
1 59.378883 54.887634 110.375275 0.000000 1.000000 -1
1 117.378876 112.887642 110.375275 1.000000 0.000000 -1
1 117.378876 54.887634 110.375275 1.000000 1.000000 -1
1 117.378876 112.887642 110.375275 0.000000 0.000000 -1
1 117.378876 54.887634 110.375275 0.000000 1.000000 -1
1 117.378876 112.887642 106.875275 1.000000 0.000000 -1
1 117.378876 54.887634 106.875275 1.000000 1.000000 -1
1 117.378876 112.887642 106.875275 0.000000 0.000000 -1
1 117.378876 54.887634 106.875275 0.000000 1.000000 -1
1 59.378883 112.887642 106.875275 1.000000 0.000000 -1
1 59.378883 54.887634 106.875275 1.000000 1.000000 -1
1 59.378883 112.887642 106.875275 0.000000 0.000000 -1
1 59.378883 54.887634 106.875275 0.000000 1.000000 -1
1 59.378883 112.887642 110.375275 1.000000 0.000000 -1
1 59.378883 54.887634 110.375275 1.000000 1.000000 -1
1 59.378883 112.887642 110.375275 0.000000 1.000000 -1
1 117.378876 112.887642 110.375275 1.000000 1.000000 -1
1 59.378883 54.887634 110.375275 0.000000 0.000000 -1
1 117.378876 54.887634 110.375275 1.000000 0.000000 -1
1 -127.642914 -1.726166 128.026535 1.000000 0.000000 -1
1 -86.274170 -102.015808 32.864716 0.000000 1.000000 -1
1 -65.441833 -35.825150 23.655182 0.000000 0.000000 -1
1 -148.475250 -67.917114 137.236023 1.000000 1.000000 -1
1 -134.551971 0.876862 131.106766 1.000000 0.000000 -1
1 -148.475250 -67.917114 137.236023 0.000000 1.000000 -1
1 -127.642914 -1.726166 128.026535 0.000000 0.000000 -1
1 -155.384857 -65.314117 140.316101 1.000000 1.000000 -1
1 -72.350983 -33.221802 26.735306 1.000000 0.000000 -1
1 -155.384857 -65.314117 140.316101 0.000000 1.000000 -1
1 -134.551971 0.876862 131.106766 0.000000 0.000000 -1
1 -93.183380 -99.412933 35.944885 1.000000 1.000000 -1
1 -65.441833 -35.825150 23.655182 1.000000 0.000000 -1
1 -93.183380 -99.412933 35.944885 0.000000 1.000000 -1
1 -72.350983 -33.221802 26.735306 0.000000 0.000000 -1
1 -86.274170 -102.015808 32.864716 1.000000 1.000000 -1
1 -65.441833 -35.825150 23.655182 0.000000 1.000000 -1
1 -127.642914 -1.726166 128.026535 1.000000 1.000000 -1
1 -148.475250 -67.917114 137.236023 1.000000 0.000000 -1
1 -86.274170 -102.015808 32.864716 0.000000 0.000000 -1
1 -58.532677 -38.428177 20.574936 0.000000 0.000000 -1
1 -79.365051 -104.618988 29.784668 0.000000 1.000000 -1
1 -120.733734 -4.329376 124.946335 1.000000 0.000000 -1
1 -141.566071 -70.520111 134.155701 1.000000 1.000000 -1
1 -120.733734 -4.329376 124.946335 0.000000 0.000000 -1
1 -141.566071 -70.520111 134.155701 0.000000 1.000000 -1
1 -113.824615 -6.932465 121.866089 1.000000 0.000000 -1
1 -134.657166 -73.123352 131.075958 1.000000 1.000000 -1
1 -113.824615 -6.932465 121.866089 0.000000 0.000000 -1
1 -134.657166 -73.123352 131.075958 0.000000 1.000000 -1
1 -51.623466 -41.031372 17.494690 1.000000 0.000000 -1
1 -72.455811 -107.222076 26.704437 1.000000 1.000000 -1
1 -51.623466 -41.031372 17.494690 0.000000 0.000000 -1
1 -72.455811 -107.222076 26.704437 0.000000 1.000000 -1
1 -58.532677 -38.428177 20.574936 1.000000 0.000000 -1
1 -79.365051 -104.618988 29.784668 1.000000 1.000000 -1
1 -58.532677 -38.428177 20.574936 0.000000 1.000000 -1
1 -120.733734 -4.329376 124.946335 1.000000 1.000000 -1
1 -79.365051 -104.618988 29.784668 0.000000 0.000000 -1
1 -141.566071 -70.520111 134.155701 1.000000 0.000000 -1
1 -99.142700 -12.464142 115.320786 1.000000 0.000000 -1
1 -57.773735 -112.753693 20.158890 0.000000 1.000000 -1
1 -36.941368 -46.562866 10.949295 0.000000 0.000000 -1
1 -119.975128 -78.654877 124.530304 1.000000 1.000000 -1
1 -106.051819 -9.861206 118.401016 1.000000 0.000000 -1
1 -119.975128 -78.654877 124.530304 0.000000 1.000000 -1
1 -99.142700 -12.464142 115.320786 0.000000 0.000000 -1
1 -126.884003 -76.051849 127.610565 1.000000 1.000000 -1
1 -43.850609 -43.959702 14.029495 1.000000 0.000000 -1
1 -126.884003 -76.051849 127.610565 0.000000 1.000000 -1
1 -106.051819 -9.861206 118.401016 0.000000 0.000000 -1
1 -64.683167 -110.150696 23.239151 1.000000 1.000000 -1
1 -36.941368 -46.562866 10.949295 1.000000 0.000000 -1
1 -64.683167 -110.150696 23.239151 0.000000 1.000000 -1
1 -43.850609 -43.959702 14.029495 0.000000 0.000000 -1
1 -57.773735 -112.753693 20.158890 1.000000 1.000000 -1
1 -36.941368 -46.562866 10.949295 0.000000 1.000000 -1
1 -99.142700 -12.464142 115.320786 1.000000 1.000000 -1
1 -119.975128 -78.654877 124.530304 1.000000 0.000000 -1
1 -57.773735 -112.753693 20.158890 0.000000 0.000000 -1
1 -30.032402 -49.166046 7.869003 0.000000 0.000000 -1
1 -50.864952 -115.357117 17.078598 0.000000 1.000000 -1
1 -92.233368 -15.067230 112.240402 1.000000 0.000000 -1
1 -113.065765 -81.258270 121.449951 1.000000 1.000000 -1
1 -92.233368 -15.067230 112.240402 0.000000 0.000000 -1
1 -113.065765 -81.258270 121.449951 0.000000 1.000000 -1
1 -85.324280 -17.670181 109.160339 1.000000 0.000000 -1
1 -106.156647 -83.861267 118.369995 1.000000 1.000000 -1
1 -85.324280 -17.670181 109.160339 0.000000 0.000000 -1
1 -106.156647 -83.861267 118.369995 0.000000 1.000000 -1
1 -23.123070 -51.768921 4.789124 1.000000 0.000000 -1
1 -43.955406 -117.959900 13.998581 1.000000 1.000000 -1
1 -23.123070 -51.768921 4.789124 0.000000 0.000000 -1
1 -43.955406 -117.959900 13.998581 0.000000 1.000000 -1
1 -30.032402 -49.166046 7.869003 1.000000 0.000000 -1
1 -50.864952 -115.357117 17.078598 1.000000 1.000000 -1
1 -30.032402 -49.166046 7.869003 0.000000 1.000000 -1
1 -92.233368 -15.067230 112.240402 1.000000 1.000000 -1
1 -50.864952 -115.357117 17.078598 0.000000 0.000000 -1
1 -113.065765 -81.258270 121.449951 1.000000 0.000000 -1
1 -132.492493 -62.617798 129.575256 1.000000 0.000000 -1
1 -177.530762 -116.450043 74.044067 0.000000 1.000000 -1
1 -160.567352 -62.551575 66.544754 0.000000 0.000000 -1
1 -149.455872 -116.515961 137.074585 1.000000 1.000000 -1
1 -192.084045 -40.165955 156.141922 1.000000 0.000000 -1
1 -149.455872 -116.515961 137.074585 0.000000 1.000000 -1
1 -132.492493 -62.617798 129.575256 0.000000 0.000000 -1
1 -209.047485 -94.064209 163.641235 1.000000 1.000000 -1
1 -220.158936 -40.100098 93.111694 1.000000 0.000000 -1
1 -209.047485 -94.064209 163.641235 0.000000 1.000000 -1
1 -192.084045 -40.165955 156.141922 0.000000 0.000000 -1
1 -237.122620 -93.998047 100.611084 1.000000 1.000000 -1
1 -160.567352 -62.551575 66.544754 1.000000 0.000000 -1
1 -237.122620 -93.998047 100.611084 0.000000 1.000000 -1
1 -220.158936 -40.100098 93.111694 0.000000 0.000000 -1
1 -177.530762 -116.450043 74.044067 1.000000 1.000000 -1
1 -160.567352 -62.551575 66.544754 0.000000 1.000000 -1
1 -132.492493 -62.617798 129.575256 1.000000 1.000000 -1
1 -149.455872 -116.515961 137.074585 1.000000 0.000000 -1
1 -177.530762 -116.450043 74.044067 0.000000 0.000000 -1
1 -148.535431 -226.487488 181.432648 1.000000 0.000000 -1
1 -117.652618 -114.108887 2.492538 0.000000 1.000000 -1
1 -209.974365 -226.343140 43.496368 0.000000 0.000000 -1
1 -56.213829 -114.253448 140.428513 1.000000 1.000000 -1
1 -56.867027 -188.782959 -24.660889 0.000000 0.000000 -1
1 -122.072266 -164.216125 4.408508 0.000000 1.000000 -1
1 4.572311 -188.927673 113.274933 1.000000 0.000000 -1
1 -60.633148 -164.360596 142.344406 1.000000 1.000000 -1
1 -132.496368 -123.132507 196.291138 1.000000 0.000000 -1
1 -210.806091 -124.840515 22.079285 0.000000 1.000000 -1
1 -210.210724 -122.949402 21.815903 0.000000 0.000000 -1
1 -133.091675 -125.023651 196.554291 1.000000 1.000000 -1
1 -297.452881 -60.982971 269.830933 1.000000 0.000000 -1
1 -133.091675 -125.023651 196.554291 0.000000 1.000000 -1
1 -132.496368 -123.132507 196.291138 0.000000 0.000000 -1
1 -298.047913 -62.874115 270.093842 1.000000 1.000000 -1
1 -375.167358 -60.800018 95.355408 1.000000 0.000000 -1
1 -298.047913 -62.874115 270.093842 0.000000 1.000000 -1
1 -297.452881 -60.982971 269.830933 0.000000 0.000000 -1
1 -375.762878 -62.691437 95.618622 1.000000 1.000000 -1
1 -210.210724 -122.949402 21.815903 1.000000 0.000000 -1
1 -375.762878 -62.691437 95.618622 0.000000 1.000000 -1
1 -375.167358 -60.800018 95.355408 0.000000 0.000000 -1
1 -210.806091 -124.840515 22.079285 1.000000 1.000000 -1
1 -210.210724 -122.949402 21.815903 0.000000 1.000000 -1
1 -132.496368 -123.132507 196.291138 1.000000 1.000000 -1
1 -133.091675 -125.023651 196.554291 1.000000 0.000000 -1
1 -210.806091 -124.840515 22.079285 0.000000 0.000000 -1
1 -131.559937 -233.941223 173.863678 1.000000 0.000000 -1
1 -100.677521 -121.561981 -5.076370 0.000000 1.000000 -1
1 -192.999054 -233.796631 35.927429 0.000000 0.000000 -1
1 -39.238426 -121.706635 132.859695 1.000000 1.000000 -1
1 -141.060211 -230.362030 178.098602 1.000000 0.000000 -1
1 -110.177399 -117.982910 -0.841141 0.000000 1.000000 -1
1 -202.499023 -230.217407 40.162598 0.000000 0.000000 -1
1 -48.738487 -118.127472 137.094772 1.000000 1.000000 -1
1 6.709763 6.033051 275.302429 1.000000 0.000000 -1
1 -48.303795 -82.758057 234.573730 0.000000 1.000000 -1
1 3.347855 8.905106 272.967773 0.000000 0.000000 -1
1 -44.942162 -85.630249 236.908447 1.000000 1.000000 -1
1 -58.144402 4.337006 366.599701 1.000000 0.000000 -1
1 -44.942162 -85.630249 236.908447 0.000000 1.000000 -1
1 6.709763 6.033051 275.302429 0.000000 0.000000 -1
1 -109.795807 -87.326385 328.205627 1.000000 1.000000 -1
1 -61.505737 7.209229 364.264923 1.000000 0.000000 -1
1 -109.795807 -87.326385 328.205627 0.000000 1.000000 -1
1 -58.144402 4.337006 366.599701 0.000000 0.000000 -1
1 -113.157440 -84.454163 325.871155 1.000000 1.000000 -1
1 3.347855 8.905106 272.967773 1.000000 0.000000 -1
1 -113.157440 -84.454163 325.871155 0.000000 1.000000 -1
1 -61.505737 7.209229 364.264923 0.000000 0.000000 -1
1 -48.303795 -82.758057 234.573730 1.000000 1.000000 -1
1 3.347855 8.905106 272.967773 0.000000 1.000000 -1
1 6.709763 6.033051 275.302429 1.000000 1.000000 -1
1 -44.942162 -85.630249 236.908447 1.000000 0.000000 -1
1 -48.303795 -82.758057 234.573730 0.000000 0.000000 -1
1 8.506638 -2.487671 286.534851 1.000000 0.000000 -1
1 -46.506493 -91.278839 245.806000 0.000000 1.000000 -1
1 5.145157 0.384430 284.200134 0.000000 0.000000 -1
1 -43.144890 -94.150970 248.140930 1.000000 1.000000 -1
1 -56.346886 -4.183807 377.832184 1.000000 0.000000 -1
1 -43.144890 -94.150970 248.140930 0.000000 1.000000 -1
1 8.506638 -2.487671 286.534851 0.000000 0.000000 -1
1 -107.998627 -95.847260 339.438171 1.000000 1.000000 -1
1 -59.708466 -1.311584 375.497681 1.000000 0.000000 -1
1 -107.998627 -95.847260 339.438171 0.000000 1.000000 -1
1 -56.346886 -4.183807 377.832184 0.000000 0.000000 -1
1 -111.360138 -92.974945 337.103577 1.000000 1.000000 -1
1 5.145157 0.384430 284.200134 1.000000 0.000000 -1
1 -111.360138 -92.974945 337.103577 0.000000 1.000000 -1
1 -59.708466 -1.311584 375.497681 0.000000 0.000000 -1
1 -46.506493 -91.278839 245.806000 1.000000 1.000000 -1
1 5.145157 0.384430 284.200134 0.000000 1.000000 -1
1 8.506638 -2.487671 286.534851 1.000000 1.000000 -1
1 -43.144890 -94.150970 248.140930 1.000000 0.000000 -1
1 -46.506493 -91.278839 245.806000 0.000000 0.000000 -1
1 9.787918 -10.061279 295.808594 1.000000 0.000000 -1
1 -45.225548 -98.852081 255.080170 0.000000 1.000000 -1
1 6.426193 -7.188934 293.474060 0.000000 0.000000 -1
1 -41.863823 -101.724487 257.414734 1.000000 1.000000 -1
1 -55.065819 -11.757141 387.105713 1.000000 0.000000 -1
1 -41.863823 -101.724487 257.414734 0.000000 1.000000 -1
1 9.787918 -10.061279 295.808594 0.000000 0.000000 -1
1 -106.717621 -103.420593 348.712158 1.000000 1.000000 -1
1 -58.427361 -8.884979 384.771362 1.000000 0.000000 -1
1 -106.717621 -103.420593 348.712158 0.000000 1.000000 -1
1 -55.065819 -11.757141 387.105713 0.000000 0.000000 -1
1 -110.079163 -100.548096 346.377502 1.000000 1.000000 -1
1 6.426193 -7.188934 293.474060 1.000000 0.000000 -1
1 -110.079163 -100.548096 346.377502 0.000000 1.000000 -1
1 -58.427361 -8.884979 384.771362 0.000000 0.000000 -1
1 -45.225548 -98.852081 255.080170 1.000000 1.000000 -1
1 6.426193 -7.188934 293.474060 0.000000 1.000000 -1
1 9.787918 -10.061279 295.808594 1.000000 1.000000 -1
1 -41.863823 -101.724487 257.414734 1.000000 0.000000 -1
1 -45.225548 -98.852081 255.080170 0.000000 0.000000 -1
1 11.475601 -17.635529 305.995911 1.000000 0.000000 -1
1 -43.537498 -106.426575 265.267395 0.000000 1.000000 -1
1 8.114182 -14.763214 303.661377 0.000000 0.000000 -1
1 -40.175682 -109.298523 267.602051 1.000000 1.000000 -1
1 -53.378044 -19.331192 397.293579 1.000000 0.000000 -1
1 -40.175682 -109.298523 267.602051 0.000000 1.000000 -1
1 11.475601 -17.635529 305.995911 0.000000 0.000000 -1
1 -105.029449 -110.994781 358.899475 1.000000 1.000000 -1
1 -56.739525 -16.459259 394.958740 1.000000 0.000000 -1
1 -105.029449 -110.994781 358.899475 0.000000 1.000000 -1
1 -53.378044 -19.331192 397.293579 0.000000 0.000000 -1
1 -108.391266 -108.122742 356.564819 1.000000 1.000000 -1
1 8.114182 -14.763214 303.661377 1.000000 0.000000 -1
1 -108.391266 -108.122742 356.564819 0.000000 1.000000 -1
1 -56.739525 -16.459259 394.958740 0.000000 0.000000 -1
1 -43.537498 -106.426575 265.267395 1.000000 1.000000 -1
1 8.114182 -14.763214 303.661377 0.000000 1.000000 -1
1 11.475601 -17.635529 305.995911 1.000000 1.000000 -1
1 -40.175682 -109.298523 267.602051 1.000000 0.000000 -1
1 -43.537498 -106.426575 265.267395 0.000000 0.000000 -1
1 141.445435 -216.534149 45.715912 1.000000 0.000000 -1
1 122.335030 -123.183929 -77.818085 0.000000 1.000000 -1
1 122.664360 -121.601135 -76.640747 0.000000 0.000000 -1
1 141.116364 -218.116577 44.538513 1.000000 1.000000 -1
1 -11.276512 -207.449890 76.206085 1.000000 0.000000 -1
1 141.116364 -218.116577 44.538513 0.000000 1.000000 -1
1 141.445435 -216.534149 45.715912 0.000000 0.000000 -1
1 -11.605553 -209.032715 75.028442 1.000000 1.000000 -1
1 -30.057762 -112.517151 -46.150848 1.000000 0.000000 -1
1 -11.605553 -209.032715 75.028442 0.000000 1.000000 -1
1 -11.276512 -207.449890 76.206085 0.000000 0.000000 -1
1 -30.386833 -114.099915 -47.328339 1.000000 1.000000 -1
1 122.664360 -121.601135 -76.640747 1.000000 0.000000 -1
1 -30.386833 -114.099915 -47.328339 0.000000 1.000000 -1
1 -30.057762 -112.517151 -46.150848 0.000000 0.000000 -1
1 122.335030 -123.183929 -77.818085 1.000000 1.000000 -1
1 122.664360 -121.601135 -76.640747 0.000000 1.000000 -1
1 141.445435 -216.534149 45.715912 1.000000 1.000000 -1
1 141.116364 -218.116577 44.538513 1.000000 0.000000 -1
1 122.335030 -123.183929 -77.818085 0.000000 0.000000 -1
1 51.262985 -0.287186 73.518768 1.000000 0.000000 -1
1 -30.457664 -109.863434 -17.183746 0.000000 1.000000 -1
1 4.064590 -0.175873 -32.445374 0.000000 0.000000 -1
1 16.740494 -109.974701 88.780563 1.000000 1.000000 -1
1 45.216873 1.990540 76.214233 1.000000 0.000000 -1
1 16.740494 -109.974701 88.780563 0.000000 1.000000 -1
1 51.262985 -0.287186 73.518768 0.000000 0.000000 -1
1 10.695084 -107.696838 91.475845 1.000000 1.000000 -1
1 -1.981186 2.101807 -29.750305 1.000000 0.000000 -1
1 10.695084 -107.696838 91.475845 0.000000 1.000000 -1
1 45.216873 1.990540 76.214233 0.000000 0.000000 -1
1 -36.503105 -107.585999 -14.488510 1.000000 1.000000 -1
1 4.064590 -0.175873 -32.445374 1.000000 0.000000 -1
1 -36.503105 -107.585999 -14.488510 0.000000 1.000000 -1
1 -1.981186 2.101807 -29.750305 0.000000 0.000000 -1
1 -30.457664 -109.863434 -17.183746 1.000000 1.000000 -1
1 4.064590 -0.175873 -32.445374 0.000000 1.000000 -1
1 51.262985 -0.287186 73.518768 1.000000 1.000000 -1
1 16.740494 -109.974701 88.780563 1.000000 0.000000 -1
1 -30.457664 -109.863434 -17.183746 0.000000 0.000000 -1
1 225.184448 -130.035858 -12.025528 0.000000 0.000000 -1
1 243.082977 -157.597198 49.780807 0.000000 1.000000 -1
1 115.984169 -90.407700 37.269028 1.000000 0.000000 -1
1 133.882690 -117.969070 99.075424 1.000000 1.000000 -1
1 115.984169 -90.407700 37.269028 0.000000 0.000000 -1
1 133.882690 -117.969070 99.075424 0.000000 1.000000 -1
1 112.137062 -84.483673 41.024704 1.000000 0.000000 -1
1 130.035553 -112.045013 102.831100 1.000000 1.000000 -1
1 112.137062 -84.483673 41.024704 0.000000 0.000000 -1
1 130.035553 -112.045013 102.831100 0.000000 1.000000 -1
1 221.337341 -124.111847 -8.269852 1.000000 0.000000 -1
1 239.235840 -151.673157 53.536545 1.000000 1.000000 -1
1 221.337341 -124.111847 -8.269852 0.000000 0.000000 -1
1 239.235840 -151.673157 53.536545 0.000000 1.000000 -1
1 225.184448 -130.035858 -12.025528 1.000000 0.000000 -1
1 243.082977 -157.597198 49.780807 1.000000 1.000000 -1
1 225.184448 -130.035858 -12.025528 0.000000 1.000000 -1
1 115.984169 -90.407700 37.269028 1.000000 1.000000 -1
1 243.082977 -157.597198 49.780807 0.000000 0.000000 -1
1 133.882690 -117.969070 99.075424 1.000000 0.000000 -1
1 119.831268 -96.331848 33.513168 1.000000 0.000000 -1
1 246.930115 -163.521271 46.025009 0.000000 1.000000 -1
1 229.031494 -135.959839 -15.781448 0.000000 0.000000 -1
1 137.729797 -123.893127 95.319565 1.000000 1.000000 -1
1 123.678406 -102.255814 29.757431 1.000000 0.000000 -1
1 137.729797 -123.893127 95.319565 0.000000 1.000000 -1
1 119.831268 -96.331848 33.513168 0.000000 0.000000 -1
1 141.576904 -129.817108 91.563828 1.000000 1.000000 -1
1 232.878662 -141.883957 -19.537186 1.000000 0.000000 -1
1 141.576904 -129.817108 91.563828 0.000000 1.000000 -1
1 123.678406 -102.255814 29.757431 0.000000 0.000000 -1
1 250.777191 -169.445190 42.269272 1.000000 1.000000 -1
1 229.031494 -135.959839 -15.781448 1.000000 0.000000 -1
1 250.777191 -169.445190 42.269272 0.000000 1.000000 -1
1 232.878662 -141.883957 -19.537186 0.000000 0.000000 -1
1 246.930115 -163.521271 46.025009 1.000000 1.000000 -1
1 229.031494 -135.959839 -15.781448 0.000000 1.000000 -1
1 119.831268 -96.331848 33.513168 1.000000 1.000000 -1
1 137.729797 -123.893127 95.319565 1.000000 0.000000 -1
1 246.930115 -163.521271 46.025009 0.000000 0.000000 -1
1 241.053741 -154.472504 -27.518143 0.000000 0.000000 -1
1 258.952301 -182.033783 34.288132 0.000000 1.000000 -1
1 131.853516 -114.844391 21.776352 1.000000 0.000000 -1
1 149.752045 -142.405670 83.582809 1.000000 1.000000 -1
1 131.853516 -114.844391 21.776352 0.000000 0.000000 -1
1 149.752045 -142.405670 83.582809 0.000000 1.000000 -1
1 128.006378 -108.920349 25.532150 1.000000 0.000000 -1
1 145.904968 -136.481674 87.338547 1.000000 1.000000 -1
1 128.006378 -108.920349 25.532150 0.000000 0.000000 -1
1 145.904968 -136.481674 87.338547 0.000000 1.000000 -1
1 237.206696 -148.548523 -23.762405 1.000000 0.000000 -1
1 255.105103 -176.109695 38.043991 1.000000 1.000000 -1
1 237.206696 -148.548523 -23.762405 0.000000 0.000000 -1
1 255.105103 -176.109695 38.043991 0.000000 1.000000 -1
1 241.053741 -154.472504 -27.518143 1.000000 0.000000 -1
1 258.952301 -182.033783 34.288132 1.000000 1.000000 -1
1 241.053741 -154.472504 -27.518143 0.000000 1.000000 -1
1 131.853516 -114.844391 21.776352 1.000000 1.000000 -1
1 258.952301 -182.033783 34.288132 0.000000 0.000000 -1
1 149.752045 -142.405670 83.582809 1.000000 0.000000 -1
1 135.700623 -120.768372 18.020676 1.000000 0.000000 -1
1 262.799347 -187.957748 30.532516 0.000000 1.000000 -1
1 244.900879 -160.396545 -31.274002 0.000000 0.000000 -1
1 153.599121 -148.329681 79.827011 1.000000 1.000000 -1
1 139.547699 -126.692398 14.264816 1.000000 0.000000 -1
1 153.599121 -148.329681 79.827011 0.000000 1.000000 -1
1 135.700623 -120.768372 18.020676 0.000000 0.000000 -1
1 157.446228 -154.253754 76.071213 1.000000 1.000000 -1
1 248.747955 -166.320526 -35.029739 1.000000 0.000000 -1
1 157.446228 -154.253754 76.071213 0.000000 1.000000 -1
1 139.547699 -126.692398 14.264816 0.000000 0.000000 -1
1 266.646545 -193.881912 26.776596 1.000000 1.000000 -1
1 244.900879 -160.396545 -31.274002 1.000000 0.000000 -1
1 266.646545 -193.881912 26.776596 0.000000 1.000000 -1
1 248.747955 -166.320526 -35.029739 0.000000 0.000000 -1
1 262.799347 -187.957748 30.532516 1.000000 1.000000 -1
1 244.900879 -160.396545 -31.274002 0.000000 1.000000 -1
1 135.700623 -120.768372 18.020676 1.000000 1.000000 -1
1 153.599121 -148.329681 79.827011 1.000000 0.000000 -1
1 262.799347 -187.957748 30.532516 0.000000 0.000000 -1
1 196.642273 -87.002808 82.505844 0.000000 0.000000 -1
1 211.216797 -109.445587 132.833908 0.000000 1.000000 -1
1 138.773926 -124.582932 82.505844 1.000000 0.000000 -1
1 153.348511 -147.025681 132.833908 1.000000 1.000000 -1
1 138.773926 -124.582932 82.505844 0.000000 0.000000 -1
1 153.348511 -147.025681 132.833908 0.000000 1.000000 -1
1 105.592674 -73.488159 114.899460 1.000000 0.000000 -1
1 120.167145 -95.930908 165.227539 1.000000 1.000000 -1
1 105.592674 -73.488159 114.899460 0.000000 0.000000 -1
1 120.167145 -95.930908 165.227539 0.000000 1.000000 -1
1 163.460938 -35.908081 114.899460 1.000000 0.000000 -1
1 178.035431 -58.350800 165.227539 1.000000 1.000000 -1
1 163.460938 -35.908081 114.899460 0.000000 0.000000 -1
1 178.035431 -58.350800 165.227539 0.000000 1.000000 -1
1 196.642273 -87.002808 82.505844 1.000000 0.000000 -1
1 211.216797 -109.445587 132.833908 1.000000 1.000000 -1
1 196.642273 -87.002808 82.505844 0.000000 1.000000 -1
1 138.773926 -124.582932 82.505844 1.000000 1.000000 -1
1 211.216797 -109.445587 132.833908 0.000000 0.000000 -1
1 153.348511 -147.025681 132.833908 1.000000 0.000000 -1
1 282.990326 -144.687897 220.405212 0.000000 0.000000 -1
1 275.822632 -133.650589 69.979477 0.000000 1.000000 -1
1 156.351013 -226.928452 220.405212 1.000000 0.000000 -1
1 149.183319 -215.891144 69.979477 1.000000 1.000000 -1
1 203.656372 -299.772339 72.236313 1.000000 0.000000 -1
1 293.988586 -161.623749 107.681625 0.000000 1.000000 -1
1 330.295715 -217.531860 72.236313 0.000000 0.000000 -1
1 167.349243 -243.864319 107.681625 1.000000 1.000000 -1
1 261.791595 -75.323166 143.597336 0.000000 0.000000 -1
1 262.303009 -76.110626 145.363205 0.000000 1.000000 -1
1 101.605461 -179.349258 143.597336 1.000000 0.000000 -1
1 102.116875 -180.136719 145.363205 1.000000 1.000000 -1
1 101.605461 -179.349258 143.597336 0.000000 0.000000 -1
1 102.116875 -180.136719 145.363205 0.000000 1.000000 -1
1 9.755730 -37.913055 233.266541 1.000000 0.000000 -1
1 10.267082 -38.700531 235.032532 1.000000 1.000000 -1
1 9.755730 -37.913055 233.266541 0.000000 0.000000 -1
1 10.267082 -38.700531 235.032532 0.000000 1.000000 -1
1 169.941864 66.112976 233.266541 1.000000 0.000000 -1
1 170.453278 65.325592 235.032532 1.000000 1.000000 -1
1 169.941864 66.112976 233.266541 0.000000 0.000000 -1
1 170.453278 65.325592 235.032532 0.000000 1.000000 -1
1 261.791595 -75.323166 143.597336 1.000000 0.000000 -1
1 262.303009 -76.110626 145.363205 1.000000 1.000000 -1
1 261.791595 -75.323166 143.597336 0.000000 1.000000 -1
1 101.605461 -179.349258 143.597336 1.000000 1.000000 -1
1 262.303009 -76.110626 145.363205 0.000000 0.000000 -1
1 102.116875 -180.136719 145.363205 1.000000 0.000000 -1
1 292.863800 -159.891769 211.898682 0.000000 0.000000 -1
1 285.696106 -148.854446 61.473007 0.000000 1.000000 -1
1 166.224518 -242.132263 211.898682 1.000000 0.000000 -1
1 159.056793 -231.095001 61.473007 1.000000 1.000000 -1
1 287.574036 -151.746216 217.063049 0.000000 0.000000 -1
1 280.406311 -140.708893 66.637192 0.000000 1.000000 -1
1 160.934753 -233.986755 217.063049 1.000000 0.000000 -1
1 153.766968 -222.949402 66.637192 1.000000 1.000000 -1
1 -21.506416 -219.628403 -14.477921 0.000000 0.000000 -1
1 50.260185 -227.318619 71.163681 0.000000 1.000000 -1
1 -22.514099 -224.508911 -14.071854 1.000000 0.000000 -1
1 49.252495 -232.199188 71.569809 1.000000 1.000000 -1
1 -22.514099 -224.508911 -14.071854 0.000000 0.000000 -1
1 49.252495 -232.199188 71.569809 0.000000 1.000000 -1
1 -105.485504 -201.423172 57.530136 1.000000 0.000000 -1
1 -33.718781 -209.113403 143.171799 1.000000 1.000000 -1
1 -105.485504 -201.423172 57.530136 0.000000 0.000000 -1
1 -33.718781 -209.113403 143.171799 0.000000 1.000000 -1
1 -104.477936 -196.542587 57.124130 1.000000 0.000000 -1
1 -32.711334 -204.232864 142.765854 1.000000 1.000000 -1
1 -104.477936 -196.542587 57.124130 0.000000 0.000000 -1
1 -32.711334 -204.232864 142.765854 0.000000 1.000000 -1
1 -21.506416 -219.628403 -14.477921 1.000000 0.000000 -1
1 50.260185 -227.318619 71.163681 1.000000 1.000000 -1
1 -21.506416 -219.628403 -14.477921 0.000000 1.000000 -1
1 -22.514099 -224.508911 -14.071854 1.000000 1.000000 -1
1 50.260185 -227.318619 71.163681 0.000000 0.000000 -1
1 49.252495 -232.199188 71.569809 1.000000 0.000000 -1
1 -28.430634 -229.162994 -6.531387 0.000000 0.000000 -1
1 43.335930 -236.853241 79.110214 0.000000 1.000000 -1
1 -29.438263 -234.043579 -6.125320 1.000000 0.000000 -1
1 42.328362 -241.733795 79.516281 1.000000 1.000000 -1
1 -29.438263 -234.043579 -6.125320 0.000000 0.000000 -1
1 42.328362 -241.733795 79.516281 0.000000 1.000000 -1
1 -112.409698 -210.957825 65.476669 1.000000 0.000000 -1
1 -40.642975 -218.648056 151.118332 1.000000 1.000000 -1
1 -112.409698 -210.957825 65.476669 0.000000 0.000000 -1
1 -40.642975 -218.648056 151.118332 0.000000 1.000000 -1
1 -111.402069 -206.077271 65.070541 1.000000 0.000000 -1
1 -39.635345 -213.767563 150.712326 1.000000 1.000000 -1
1 -111.402069 -206.077271 65.070541 0.000000 0.000000 -1
1 -39.635345 -213.767563 150.712326 0.000000 1.000000 -1
1 -28.430634 -229.162994 -6.531387 1.000000 0.000000 -1
1 43.335930 -236.853241 79.110214 1.000000 1.000000 -1
1 -28.430634 -229.162994 -6.531387 0.000000 1.000000 -1
1 -29.438263 -234.043579 -6.125320 1.000000 1.000000 -1
1 43.335930 -236.853241 79.110214 0.000000 0.000000 -1
1 42.328362 -241.733795 79.516281 1.000000 0.000000 -1
1 -33.933075 -237.214630 0.532211 0.000000 0.000000 -1
1 37.833427 -244.904907 86.173813 0.000000 1.000000 -1
1 -34.940582 -242.095093 0.938278 1.000000 0.000000 -1
1 36.825920 -249.785431 86.579941 1.000000 1.000000 -1
1 -34.940582 -242.095093 0.938278 0.000000 0.000000 -1
1 36.825920 -249.785431 86.579941 0.000000 1.000000 -1
1 -117.912079 -219.009354 72.540207 1.000000 0.000000 -1
1 -46.145355 -226.699646 158.182068 1.000000 1.000000 -1
1 -117.912079 -219.009354 72.540207 0.000000 0.000000 -1
1 -46.145355 -226.699646 158.182068 0.000000 1.000000 -1
1 -116.904572 -214.128860 72.134201 1.000000 0.000000 -1
1 -45.137787 -221.819107 157.775909 1.000000 1.000000 -1
1 -116.904572 -214.128860 72.134201 0.000000 0.000000 -1
1 -45.137787 -221.819107 157.775909 0.000000 1.000000 -1
1 -33.933075 -237.214630 0.532211 1.000000 0.000000 -1
1 37.833427 -244.904907 86.173813 1.000000 1.000000 -1
1 -33.933075 -237.214630 0.532211 0.000000 1.000000 -1
1 -34.940582 -242.095093 0.938278 1.000000 1.000000 -1
1 37.833427 -244.904907 86.173813 0.000000 0.000000 -1
1 36.825920 -249.785431 86.579941 1.000000 0.000000 -1
1 -40.274384 -245.810791 7.595810 0.000000 0.000000 -1
1 31.492302 -253.501129 93.237473 0.000000 1.000000 -1
1 -41.281952 -250.691467 8.001816 1.000000 0.000000 -1
1 30.484795 -258.381683 93.643478 1.000000 1.000000 -1
1 -41.281952 -250.691467 8.001816 0.000000 0.000000 -1
1 30.484795 -258.381683 93.643478 0.000000 1.000000 -1
1 -124.253326 -227.605637 79.603867 1.000000 0.000000 -1
1 -52.486603 -235.295959 165.245514 1.000000 1.000000 -1
1 -124.253326 -227.605637 79.603867 0.000000 0.000000 -1
1 -52.486603 -235.295959 165.245514 0.000000 1.000000 -1
1 -123.245819 -222.725128 79.197800 1.000000 0.000000 -1
1 -51.479095 -230.415375 164.839508 1.000000 1.000000 -1
1 -123.245819 -222.725128 79.197800 0.000000 0.000000 -1
1 -51.479095 -230.415375 164.839508 0.000000 1.000000 -1
1 -40.274384 -245.810791 7.595810 1.000000 0.000000 -1
1 31.492302 -253.501129 93.237473 1.000000 1.000000 -1
1 -40.274384 -245.810791 7.595810 0.000000 1.000000 -1
1 -41.281952 -250.691467 8.001816 1.000000 1.000000 -1
1 31.492302 -253.501129 93.237473 0.000000 0.000000 -1
1 30.484795 -258.381683 93.643478 1.000000 0.000000 -1
1 350.929840 -296.126648 -108.991837 0.000000 0.000000 -1
1 352.640106 -296.542114 -108.041885 0.000000 1.000000 -1
1 276.345795 -400.694244 -20.454544 1.000000 0.000000 -1
1 278.056122 -401.109863 -19.504166 1.000000 1.000000 -1
1 276.345795 -400.694244 -20.454544 0.000000 0.000000 -1
1 278.056122 -401.109863 -19.504166 0.000000 1.000000 -1
1 245.065216 -289.556091 84.454880 1.000000 0.000000 -1
1 246.775574 -289.971771 85.404709 1.000000 1.000000 -1
1 245.065216 -289.556091 84.454880 0.000000 0.000000 -1
1 246.775574 -289.971771 85.404709 0.000000 1.000000 -1
1 319.649414 -184.988663 -4.082840 1.000000 0.000000 -1
1 321.359589 -185.403992 -3.132767 1.000000 1.000000 -1
1 319.649414 -184.988663 -4.082840 0.000000 0.000000 -1
1 321.359589 -185.403992 -3.132767 0.000000 1.000000 -1
1 350.929840 -296.126648 -108.991837 1.000000 0.000000 -1
1 352.640106 -296.542114 -108.041885 1.000000 1.000000 -1
1 350.929840 -296.126648 -108.991837 0.000000 1.000000 -1
1 276.345795 -400.694244 -20.454544 1.000000 1.000000 -1
1 352.640106 -296.542114 -108.041885 0.000000 0.000000 -1
1 278.056122 -401.109863 -19.504166 1.000000 0.000000 -1
1 262.354340 -145.042633 -99.446426 0.000000 0.000000 -1
1 292.014709 -190.715683 2.975571 0.000000 1.000000 -1
1 165.068512 -208.220795 -99.446426 1.000000 0.000000 -1
1 194.728912 -253.893890 2.975571 1.000000 1.000000 -1
1 165.068512 -208.220795 -99.446426 0.000000 0.000000 -1
1 194.728912 -253.893890 2.975571 0.000000 1.000000 -1
1 161.702271 -203.037292 -96.160233 1.000000 0.000000 -1
1 191.362701 -248.710327 6.261826 1.000000 1.000000 -1
1 161.702271 -203.037292 -96.160233 0.000000 0.000000 -1
1 191.362701 -248.710327 6.261826 0.000000 1.000000 -1
1 258.988098 -139.859131 -96.160233 1.000000 0.000000 -1
1 288.648529 -185.532104 6.261826 1.000000 1.000000 -1
1 258.988098 -139.859131 -96.160233 0.000000 0.000000 -1
1 288.648529 -185.532104 6.261826 0.000000 1.000000 -1
1 262.354340 -145.042633 -99.446426 1.000000 0.000000 -1
1 292.014709 -190.715683 2.975571 1.000000 1.000000 -1
1 262.354340 -145.042633 -99.446426 0.000000 1.000000 -1
1 165.068512 -208.220795 -99.446426 1.000000 1.000000 -1
1 292.014709 -190.715683 2.975571 0.000000 0.000000 -1
1 194.728912 -253.893890 2.975571 1.000000 0.000000 -1
1 -213.544571 -56.104965 -82.976990 1.000000 0.000000 -1
1 -74.572701 -79.625061 -113.941101 0.000000 1.000000 -1
1 -119.256279 -133.490677 -115.322525 0.000000 0.000000 -1
1 -168.861008 -2.239192 -81.595474 1.000000 1.000000 -1
1 -217.696457 -52.814430 -76.982193 1.000000 0.000000 -1
1 -168.861008 -2.239192 -81.595474 0.000000 1.000000 -1
1 -213.544571 -56.104965 -82.976990 0.000000 0.000000 -1
1 -173.012833 1.051208 -75.600891 1.000000 1.000000 -1
1 -123.408005 -130.200424 -109.328003 1.000000 0.000000 -1
1 -173.012833 1.051208 -75.600891 0.000000 1.000000 -1
1 -217.696457 -52.814430 -76.982193 0.000000 0.000000 -1
1 -78.724609 -76.334778 -107.946472 1.000000 1.000000 -1
1 -119.256279 -133.490677 -115.322525 1.000000 0.000000 -1
1 -78.724609 -76.334778 -107.946472 0.000000 1.000000 -1
1 -123.408005 -130.200424 -109.328003 0.000000 0.000000 -1
1 -74.572701 -79.625061 -113.941101 1.000000 1.000000 -1
1 -119.256279 -133.490677 -115.322525 0.000000 1.000000 -1
1 -213.544571 -56.104965 -82.976990 1.000000 1.000000 -1
1 -168.861008 -2.239192 -81.595474 1.000000 0.000000 -1
1 -74.572701 -79.625061 -113.941101 0.000000 0.000000 -1
1 -115.104446 -136.781250 -121.317093 0.000000 0.000000 -1
1 -70.420830 -82.915588 -119.935654 0.000000 1.000000 -1
1 -209.392517 -59.395172 -88.971375 1.000000 0.000000 -1
1 -164.709122 -5.529627 -87.590088 1.000000 1.000000 -1
1 -209.392517 -59.395172 -88.971375 0.000000 0.000000 -1
1 -164.709122 -5.529627 -87.590088 0.000000 1.000000 -1
1 -205.240768 -62.685760 -94.966263 1.000000 0.000000 -1
1 -160.557190 -8.820027 -93.584702 1.000000 1.000000 -1
1 -205.240768 -62.685760 -94.966263 0.000000 0.000000 -1
1 -160.557190 -8.820027 -93.584702 0.000000 1.000000 -1
1 -110.952454 -140.071625 -127.311798 1.000000 0.000000 -1
1 -66.268867 -86.205956 -125.930405 1.000000 1.000000 -1
1 -110.952454 -140.071625 -127.311798 0.000000 0.000000 -1
1 -66.268867 -86.205956 -125.930405 0.000000 1.000000 -1
1 -115.104446 -136.781250 -121.317093 1.000000 0.000000 -1
1 -70.420830 -82.915588 -119.935654 1.000000 1.000000 -1
1 -115.104446 -136.781250 -121.317093 0.000000 1.000000 -1
1 -209.392517 -59.395172 -88.971375 1.000000 1.000000 -1
1 -70.420830 -82.915588 -119.935654 0.000000 0.000000 -1
1 -164.709122 -5.529627 -87.590088 1.000000 0.000000 -1
1 -196.417969 -69.677849 -107.704727 1.000000 0.000000 -1
1 -57.446274 -93.198166 -138.668961 0.000000 1.000000 -1
1 -102.129745 -147.063797 -140.050217 0.000000 0.000000 -1
1 -151.734329 -15.812033 -106.323303 1.000000 1.000000 -1
1 -200.569885 -66.387505 -101.710144 1.000000 0.000000 -1
1 -151.734329 -15.812033 -106.323303 0.000000 1.000000 -1
1 -196.417969 -69.677849 -107.704727 0.000000 0.000000 -1
1 -155.886368 -12.521599 -100.328659 1.000000 1.000000 -1
1 -106.281540 -143.773376 -134.055695 1.000000 0.000000 -1
1 -155.886368 -12.521599 -100.328659 0.000000 1.000000 -1
1 -200.569885 -66.387505 -101.710144 0.000000 0.000000 -1
1 -61.598122 -89.907593 -132.674194 1.000000 1.000000 -1
1 -102.129745 -147.063797 -140.050217 1.000000 0.000000 -1
1 -61.598122 -89.907593 -132.674194 0.000000 1.000000 -1
1 -106.281540 -143.773376 -134.055695 0.000000 0.000000 -1
1 -57.446274 -93.198166 -138.668961 1.000000 1.000000 -1
1 -102.129745 -147.063797 -140.050217 0.000000 1.000000 -1
1 -196.417969 -69.677849 -107.704727 1.000000 1.000000 -1
1 -151.734329 -15.812033 -106.323303 1.000000 0.000000 -1
1 -57.446274 -93.198166 -138.668961 0.000000 0.000000 -1
1 -97.977905 -150.354126 -146.044769 0.000000 0.000000 -1
1 -53.294289 -96.488426 -144.663498 0.000000 1.000000 -1
1 -192.266113 -72.968262 -113.699280 1.000000 0.000000 -1
1 -147.582565 -19.102549 -112.317947 1.000000 1.000000 -1
1 -192.266113 -72.968262 -113.699280 0.000000 0.000000 -1
1 -147.582565 -19.102549 -112.317947 0.000000 1.000000 -1
1 -188.114227 -76.258606 -119.693970 1.000000 0.000000 -1
1 -143.430786 -22.393051 -118.312531 1.000000 1.000000 -1
1 -188.114227 -76.258606 -119.693970 0.000000 0.000000 -1
1 -143.430786 -22.393051 -118.312531 0.000000 1.000000 -1
1 -93.825912 -153.644455 -152.039520 1.000000 0.000000 -1
1 -49.142494 -99.778969 -150.658173 1.000000 1.000000 -1
1 -93.825912 -153.644455 -152.039520 0.000000 0.000000 -1
1 -49.142494 -99.778969 -150.658173 0.000000 1.000000 -1
1 -97.977905 -150.354126 -146.044769 1.000000 0.000000 -1
1 -53.294289 -96.488426 -144.663498 1.000000 1.000000 -1
1 -97.977905 -150.354126 -146.044769 0.000000 1.000000 -1
1 -192.266113 -72.968262 -113.699280 1.000000 1.000000 -1
1 -53.294289 -96.488426 -144.663498 0.000000 0.000000 -1
1 -147.582565 -19.102549 -112.317947 1.000000 0.000000 -1
1 -167.655212 -16.956287 -92.738586 1.000000 0.000000 -1
1 -92.043808 -6.805029 -45.941803 0.000000 1.000000 -1
1 -128.429092 -50.667194 -47.066742 0.000000 0.000000 -1
1 -131.269989 26.905785 -91.613678 1.000000 1.000000 -1
1 -203.465485 11.423359 -41.034874 1.000000 0.000000 -1
1 -131.269989 26.905785 -91.613678 0.000000 1.000000 -1
1 -167.655212 -16.956287 -92.738586 0.000000 0.000000 -1
1 -167.080109 55.285538 -39.909966 1.000000 1.000000 -1
1 -164.239288 -22.287388 4.636948 1.000000 0.000000 -1
1 -167.080109 55.285538 -39.909966 0.000000 1.000000 -1
1 -203.465485 11.423359 -41.034874 0.000000 0.000000 -1
1 -127.853973 21.574558 5.761810 1.000000 1.000000 -1
1 -128.429092 -50.667194 -47.066742 1.000000 0.000000 -1
1 -127.853973 21.574558 5.761810 0.000000 1.000000 -1
1 -164.239288 -22.287388 4.636948 0.000000 0.000000 -1
1 -92.043808 -6.805029 -45.941803 1.000000 1.000000 -1
1 -128.429092 -50.667194 -47.066742 0.000000 1.000000 -1
1 -167.655212 -16.956287 -92.738586 1.000000 1.000000 -1
1 -131.269989 26.905785 -91.613678 1.000000 0.000000 -1
1 -92.043808 -6.805029 -45.941803 0.000000 0.000000 -1
1 -74.529350 123.215240 -131.201828 1.000000 0.000000 -1
1 -46.792480 -81.783615 -78.206940 0.000000 1.000000 -1
1 11.313599 49.442467 -31.253212 0.000000 0.000000 -1
1 -132.635376 -8.010780 -178.155594 1.000000 1.000000 -1
1 29.734009 -80.004074 -142.619766 0.000000 0.000000 -1
1 -9.449341 -48.950649 -86.045319 0.000000 1.000000 -1
1 -56.108772 -6.231026 -242.568298 1.000000 0.000000 -1
1 -95.292351 24.822323 -185.993851 1.000000 1.000000 -1
1 -163.317230 66.101372 -127.316528 1.000000 0.000000 -1
1 -53.457756 -25.674988 -0.852081 0.000000 1.000000 -1
1 -54.734673 -27.213955 -0.891632 0.000000 0.000000 -1
1 -162.040482 67.640350 -127.277252 1.000000 1.000000 -1
1 -262.443420 144.659897 15.804916 1.000000 0.000000 -1
1 -162.040482 67.640350 -127.277252 0.000000 1.000000 -1
1 -163.317230 66.101372 -127.316528 0.000000 0.000000 -1
1 -261.166809 146.199036 15.844238 1.000000 1.000000 -1
1 -153.860825 51.344601 142.229874 1.000000 0.000000 -1
1 -261.166809 146.199036 15.844238 0.000000 1.000000 -1
1 -262.443420 144.659897 15.804916 0.000000 0.000000 -1
1 -152.584167 52.883549 142.269363 1.000000 1.000000 -1
1 -54.734673 -27.213955 -0.891632 1.000000 0.000000 -1
1 -152.584167 52.883549 142.269363 0.000000 1.000000 -1
1 -153.860825 51.344601 142.229874 0.000000 0.000000 -1
1 -53.457756 -25.674988 -0.852081 1.000000 1.000000 -1
1 -54.734673 -27.213955 -0.891632 0.000000 1.000000 -1
1 -163.317230 66.101372 -127.316528 1.000000 1.000000 -1
1 -162.040482 67.640350 -127.277252 1.000000 0.000000 -1
1 -53.457756 -25.674988 -0.852081 0.000000 0.000000 -1
1 -63.511208 115.758873 -146.168716 1.000000 0.000000 -1
1 -35.774384 -89.240158 -93.173859 0.000000 1.000000 -1
1 22.331680 41.985924 -46.220070 0.000000 0.000000 -1
1 -121.617355 -15.467371 -193.122314 1.000000 1.000000 -1
1 -69.219955 120.283234 -137.926025 1.000000 0.000000 -1
1 -41.483345 -84.715973 -84.931137 0.000000 1.000000 -1
1 16.622742 46.510399 -37.977592 0.000000 0.000000 -1
1 -127.326134 -10.942839 -184.879593 1.000000 1.000000 -1
1 -309.456604 -8.539903 -251.320068 1.000000 0.000000 -1
1 -216.530106 36.680035 -207.857758 0.000000 1.000000 -1
1 -310.281525 -10.599050 -246.839020 0.000000 0.000000 -1
1 -215.705383 38.739208 -212.338928 1.000000 1.000000 -1
1 -367.881531 81.911362 -220.511322 1.000000 0.000000 -1
1 -215.705383 38.739208 -212.338928 0.000000 1.000000 -1
1 -309.456604 -8.539903 -251.320068 0.000000 0.000000 -1
1 -274.130554 129.190536 -181.529800 1.000000 1.000000 -1
1 -368.706726 79.852211 -216.029907 1.000000 0.000000 -1
1 -274.130554 129.190536 -181.529800 0.000000 1.000000 -1
1 -367.881531 81.911362 -220.511322 0.000000 0.000000 -1
1 -274.955017 127.131561 -177.048676 1.000000 1.000000 -1
1 -310.281525 -10.599050 -246.839020 1.000000 0.000000 -1
1 -274.955017 127.131561 -177.048676 0.000000 1.000000 -1
1 -368.706726 79.852211 -216.029907 0.000000 0.000000 -1
1 -216.530106 36.680035 -207.857758 1.000000 1.000000 -1
1 -310.281525 -10.599050 -246.839020 0.000000 1.000000 -1
1 -309.456604 -8.539903 -251.320068 1.000000 1.000000 -1
1 -215.705383 38.739208 -212.338928 1.000000 0.000000 -1
1 -216.530106 36.680035 -207.857758 0.000000 0.000000 -1
1 -309.965393 3.759786 -258.423523 1.000000 0.000000 -1
1 -217.038544 48.979874 -214.961182 0.000000 1.000000 -1
1 -310.790100 1.700774 -253.942444 0.000000 0.000000 -1
1 -216.213760 51.039059 -219.442230 1.000000 1.000000 -1
1 -368.390137 94.211166 -227.614532 1.000000 0.000000 -1
1 -216.213760 51.039059 -219.442230 0.000000 1.000000 -1
1 -309.965393 3.759786 -258.423523 0.000000 0.000000 -1
1 -274.638763 141.490479 -188.633179 1.000000 1.000000 -1
1 -369.214508 92.152191 -223.133453 1.000000 0.000000 -1
1 -274.638763 141.490479 -188.633179 0.000000 1.000000 -1
1 -368.390137 94.211166 -227.614532 0.000000 0.000000 -1
1 -275.463623 139.431366 -184.152023 1.000000 1.000000 -1
1 -310.790100 1.700774 -253.942444 1.000000 0.000000 -1
1 -275.463623 139.431366 -184.152023 0.000000 1.000000 -1
1 -369.214508 92.152191 -223.133453 0.000000 0.000000 -1
1 -217.038544 48.979874 -214.961182 1.000000 1.000000 -1
1 -310.790100 1.700774 -253.942444 0.000000 1.000000 -1
1 -309.965393 3.759786 -258.423523 1.000000 1.000000 -1
1 -216.213760 51.039059 -219.442230 1.000000 0.000000 -1
1 -217.038544 48.979874 -214.961182 0.000000 0.000000 -1
1 -309.974792 14.313198 -264.222656 1.000000 0.000000 -1
1 -217.048447 59.532913 -220.760498 0.000000 1.000000 -1
1 -310.799683 12.253845 -259.741730 0.000000 0.000000 -1
1 -216.223572 61.592278 -225.241516 1.000000 1.000000 -1
1 -368.400330 104.764076 -233.413940 1.000000 0.000000 -1
1 -216.223572 61.592278 -225.241516 0.000000 1.000000 -1
1 -309.974792 14.313198 -264.222656 0.000000 0.000000 -1
1 -274.648193 152.043503 -194.432251 1.000000 1.000000 -1
1 -369.224426 102.705254 -228.932800 1.000000 0.000000 -1
1 -274.648193 152.043503 -194.432251 0.000000 1.000000 -1
1 -368.400330 104.764076 -233.413940 0.000000 0.000000 -1
1 -275.473114 149.984497 -189.951355 1.000000 1.000000 -1
1 -310.799683 12.253845 -259.741730 1.000000 0.000000 -1
1 -275.473114 149.984497 -189.951355 0.000000 1.000000 -1
1 -369.224426 102.705254 -228.932800 0.000000 0.000000 -1
1 -217.048447 59.532913 -220.760498 1.000000 1.000000 -1
1 -310.799683 12.253845 -259.741730 0.000000 1.000000 -1
1 -309.974792 14.313198 -264.222656 1.000000 1.000000 -1
1 -216.223572 61.592278 -225.241516 1.000000 0.000000 -1
1 -217.048447 59.532913 -220.760498 0.000000 0.000000 -1
1 -310.553040 25.354782 -270.684021 1.000000 0.000000 -1
1 -217.626648 70.574768 -227.221802 0.000000 1.000000 -1
1 -311.378052 23.295788 -266.203186 0.000000 0.000000 -1
1 -216.801788 72.634026 -231.702881 1.000000 1.000000 -1
1 -368.977844 115.806252 -239.874939 1.000000 0.000000 -1
1 -216.801788 72.634026 -231.702881 0.000000 1.000000 -1
1 -310.553040 25.354782 -270.684021 0.000000 0.000000 -1
1 -275.226624 163.085266 -200.893555 1.000000 1.000000 -1
1 -369.802795 113.747040 -235.393646 1.000000 0.000000 -1
1 -275.226624 163.085266 -200.893555 0.000000 1.000000 -1
1 -368.977844 115.806252 -239.874939 0.000000 0.000000 -1
1 -276.051483 161.026138 -196.412598 1.000000 1.000000 -1
1 -311.378052 23.295788 -266.203186 1.000000 0.000000 -1
1 -276.051483 161.026138 -196.412598 0.000000 1.000000 -1
1 -369.802795 113.747040 -235.393646 0.000000 0.000000 -1
1 -217.626648 70.574768 -227.221802 1.000000 1.000000 -1
1 -311.378052 23.295788 -266.203186 0.000000 1.000000 -1
1 -310.553040 25.354782 -270.684021 1.000000 1.000000 -1
1 -216.801788 72.634026 -231.702881 1.000000 0.000000 -1
1 -217.626648 70.574768 -227.221802 0.000000 0.000000 -1
1 11.798157 -90.271446 -353.863281 1.000000 0.000000 -1
1 17.686401 -225.582397 -276.426147 0.000000 1.000000 -1
1 15.725800 -225.818451 -276.741608 0.000000 0.000000 -1
1 13.758972 -90.035294 -353.547729 1.000000 1.000000 -1
1 -18.693665 -15.281878 -220.510132 1.000000 0.000000 -1
1 13.758972 -90.035294 -353.547729 0.000000 1.000000 -1
1 11.798157 -90.271446 -353.863281 0.000000 0.000000 -1
1 -16.732864 -15.045619 -220.194824 1.000000 1.000000 -1
1 -14.765808 -150.829163 -143.388763 1.000000 0.000000 -1
1 -16.732864 -15.045619 -220.194824 0.000000 1.000000 -1
1 -18.693665 -15.281878 -220.510132 0.000000 0.000000 -1
1 -12.805161 -150.592957 -143.073227 1.000000 1.000000 -1
1 15.725800 -225.818451 -276.741608 1.000000 0.000000 -1
1 -12.805161 -150.592957 -143.073227 0.000000 1.000000 -1
1 -14.765808 -150.829163 -143.388763 0.000000 0.000000 -1
1 17.686401 -225.582397 -276.426147 1.000000 1.000000 -1
1 15.725800 -225.818451 -276.741608 0.000000 1.000000 -1
1 11.798157 -90.271446 -353.863281 1.000000 1.000000 -1
1 13.758972 -90.035294 -353.547729 1.000000 0.000000 -1
1 17.686401 -225.582397 -276.426147 0.000000 0.000000 -1
1 -175.216064 -164.394363 -230.573669 1.000000 0.000000 -1
1 -35.223312 -131.804214 -151.502762 0.000000 1.000000 -1
1 -109.270607 -221.067749 -153.792114 0.000000 0.000000 -1
1 -101.168854 -75.130997 -228.284515 1.000000 1.000000 -1
1 -178.848999 -161.515289 -225.328247 1.000000 0.000000 -1
1 -101.168854 -75.130997 -228.284515 0.000000 1.000000 -1
1 -175.216064 -164.394363 -230.573669 0.000000 0.000000 -1
1 -104.801598 -72.251816 -223.039246 1.000000 1.000000 -1
1 -112.903595 -218.188507 -148.546692 1.000000 0.000000 -1
1 -104.801598 -72.251816 -223.039246 0.000000 1.000000 -1
1 -178.848999 -161.515289 -225.328247 0.000000 0.000000 -1
1 -38.856194 -128.925049 -146.257523 1.000000 1.000000 -1
1 -109.270607 -221.067749 -153.792114 1.000000 0.000000 -1
1 -38.856194 -128.925049 -146.257523 0.000000 1.000000 -1
1 -112.903595 -218.188507 -148.546692 0.000000 0.000000 -1
1 -35.223312 -131.804214 -151.502762 1.000000 1.000000 -1
1 -109.270607 -221.067749 -153.792114 0.000000 1.000000 -1
1 -175.216064 -164.394363 -230.573669 1.000000 1.000000 -1
1 -101.168854 -75.130997 -228.284515 1.000000 0.000000 -1
1 -35.223312 -131.804214 -151.502762 0.000000 0.000000 -1
742
0.832050 0.000000 0.554700
1.000000 0.000000 0.000000
-0.832050 0.000000 -0.554700
-1.000000 0.000000 0.000000
0.000000 1.000000 0.000000
0.000000 -1.000000 0.000000
0.000000 0.000000 1.000000
0.000000 0.000000 -1.000000
0.000000 0.390731 -0.920505
-0.509036 0.293893 0.809017
-0.509034 0.293891 0.809020
-0.509031 0.293889 0.809022
0.700629 -0.404508 0.587786
0.700629 -0.404508 0.587786
0.700629 -0.404508 0.587786
0.509033 -0.293891 -0.809020
0.509038 -0.293893 -0.809016
0.509042 -0.293895 -0.809013
-0.700629 0.404508 -0.587786
-0.700629 0.404508 -0.587786
-0.700628 0.404508 -0.587787
0.499996 0.866028 -0.000004
0.500000 0.866026 -0.000000
0.500003 0.866023 0.000003
-0.500001 -0.866025 -0.000001
-0.500003 -0.866024 -0.000002
-0.500004 -0.866023 -0.000003
0.509037 -0.293893 -0.809017
0.509042 -0.293895 -0.809013
-0.700629 0.404508 -0.587786
-0.700629 0.404508 -0.587786
-0.700628 0.404508 -0.587787
-0.500001 -0.866025 -0.000001
-0.500004 -0.866023 -0.000003
-0.500006 -0.866022 -0.000005
0.509037 -0.293893 -0.809017
0.509041 -0.293894 -0.809014
-0.500005 -0.866023 -0.000003
-0.500008 -0.866021 -0.000006
0.700629 -0.404508 0.587786
0.700629 -0.404508 0.587786
0.700629 -0.404508 0.587786
0.509033 -0.293890 -0.809021
0.509037 -0.293892 -0.809017
0.499998 0.866027 -0.000002
0.500001 0.866025 0.000000
0.500003 0.866023 0.000003
0.219823 0.261975 0.939706
0.219822 0.261974 0.939706
0.219822 0.261973 0.939707
0.766040 -0.642793 0.000002
0.766034 -0.642800 0.000006
0.766028 -0.642807 0.000009
-0.219844 -0.262000 -0.939694
-0.219842 -0.261997 -0.939695
-0.219840 -0.261995 -0.939696
-0.766043 0.642789 -0.000001
-0.766040 0.642793 -0.000002
-0.766037 0.642796 -0.000004
0.604023 0.719846 -0.342020
0.604023 0.719846 -0.342020
0.604023 0.719846 -0.342021
-0.604023 -0.719846 0.342021
-0.604023 -0.719846 0.342020
-0.604023 -0.719846 0.342020
0.817608 -0.181291 0.546490
0.817608 -0.181291 0.546490
0.817608 -0.181291 0.546490
0.406868 -0.000959 0.913487
0.406888 -0.000963 0.913477
0.406847 -0.000954 0.913496
-0.817606 0.181294 -0.546491
-0.817606 0.181298 -0.546490
-0.817606 0.181289 -0.546492
-0.406875 0.000958 -0.913484
-0.406874 0.000957 -0.913484
-0.406876 0.000958 -0.913483
0.297621 0.945576 -0.131556
0.297649 0.945570 -0.131536
0.297594 0.945582 -0.131576
-0.297563 -0.945589 0.131594
-0.297562 -0.945590 0.131595
-0.297564 -0.945589 0.131594
-0.817608 0.181290 -0.546489
-0.817608 0.181291 -0.546490
-0.817607 0.181292 -0.546491
0.406886 -0.000964 0.913478
0.406867 -0.000954 0.913487
0.406848 -0.000944 0.913495
0.817608 -0.181290 0.546490
0.817608 -0.181290 0.546490
0.817608 -0.181289 0.546490
-0.406884 0.000958 -0.913479
-0.406882 0.000958 -0.913480
-0.406881 0.000958 -0.913481
0.297615 0.945578 -0.131561
0.297608 0.945579 -0.131565
0.297602 0.945581 -0.131569
-0.297595 -0.945582 0.131575
-0.297624 -0.945576 0.131554
-0.297653 -0.945569 0.131533
0.817607 -0.181291 0.546491
0.817607 -0.181290 0.546491
0.817607 -0.181291 0.546492
0.406893 -0.000964 0.913476
0.406885 -0.000963 0.913479
0.406900 -0.000966 0.913472
-0.817608 0.181291 -0.546489
-0.817608 0.181289 -0.546489
-0.817608 0.181292 -0.546489
-0.406876 0.000958 -0.913483
-0.406877 0.000958 -0.913482
-0.406875 0.000957 -0.913483
0.297594 0.945583 -0.131572
0.297611 0.945579 -0.131559
0.297576 0.945587 -0.131584
-0.297586 -0.945584 0.131579
-0.297569 -0.945588 0.131590
-0.297603 -0.945580 0.131569
-0.817608 0.181292 -0.546489
-0.817608 0.181291 -0.546489
-0.817609 0.181291 -0.546488
0.406870 -0.000956 0.913485
0.406865 -0.000953 0.913488
0.406859 -0.000950 0.913490
0.817608 -0.181289 0.546491
0.817608 -0.181290 0.546490
0.817608 -0.181291 0.546490
-0.406841 0.000946 -0.913498
-0.406844 0.000947 -0.913497
-0.406846 0.000947 -0.913496
0.297562 0.945590 -0.131595
0.297573 0.945587 -0.131588
0.297584 0.945585 -0.131581
-0.297530 -0.945596 0.131618
-0.297562 -0.945590 0.131595
-0.297594 -0.945583 0.131572
0.863644 -0.325386 -0.385023
0.863644 -0.325385 -0.385024
0.863644 -0.325386 -0.385022
0.406880 -0.000957 0.913481
0.406881 -0.000957 0.913481
0.406880 -0.000957 0.913481
-0.863642 0.325390 0.385026
-0.863644 0.325387 0.385024
-0.863640 0.325392 0.385027
-0.406883 0.000959 -0.913480
-0.406883 0.000959 -0.913480
-0.406883 0.000958 -0.913480
0.297602 0.945581 -0.131567
0.297598 0.945582 -0.131568
0.297605 0.945580 -0.131565
-0.297603 -0.945580 0.131568
-0.297604 -0.945580 0.131569
-0.297603 -0.945581 0.131567
-0.678704 0.668990 0.303006
-0.678705 0.668990 0.303006
-0.678704 0.668991 0.303006
0.297604 0.945580 -0.131567
0.297605 0.945580 -0.131568
0.297605 0.945580 -0.131568
0.863617 -0.325469 -0.385012
0.863606 -0.325505 -0.385007
0.863628 -0.325434 -0.385018
0.406869 -0.000995 0.913486
0.406878 -0.000968 0.913482
0.406861 -0.001021 0.913490
-0.863644 0.325384 0.385025
-0.863678 0.325277 0.385039
-0.863610 0.325490 0.385011
-0.406887 0.000931 -0.913478
-0.406872 0.000982 -0.913485
-0.406903 0.000880 -0.913471
0.297605 0.945580 -0.131567
0.297605 0.945580 -0.131567
0.297606 0.945580 -0.131566
-0.297604 -0.945580 0.131568
-0.297603 -0.945581 0.131566
-0.297605 -0.945580 0.131569
-0.678705 0.668988 0.303008
-0.678706 0.668988 0.303008
-0.678705 0.668988 0.303008
-0.678705 0.668989 0.303007
-0.678705 0.668989 0.303007
-0.678705 0.668989 0.303007
0.579047 0.015144 -0.815153
0.579033 0.015157 -0.815163
0.579061 0.015132 -0.815144
0.672325 -0.574425 0.466921
0.672323 -0.574426 0.466922
0.672327 -0.574423 0.466921
-0.579063 -0.015131 0.815142
-0.579092 -0.015109 0.815122
-0.579034 -0.015154 0.815163
-0.672326 0.574425 -0.466920
-0.672326 0.574424 -0.466921
-0.672326 0.574425 -0.466919
0.461169 0.818420 0.342799
0.461194 0.818399 0.342815
0.461144 0.818441 0.342784
-0.461182 -0.818409 -0.342808
-0.461175 -0.818416 -0.342802
-0.461189 -0.818403 -0.342813
0.579081 0.015117 -0.815130
0.579074 0.015124 -0.815135
0.579087 0.015111 -0.815125
0.672327 -0.574424 0.466919
0.672327 -0.574424 0.466919
0.672326 -0.574425 0.466920
-0.579050 -0.015143 0.815151
-0.579042 -0.015149 0.815157
-0.579058 -0.015136 0.815146
-0.672326 0.574425 -0.466919
-0.672326 0.574425 -0.466919
-0.672326 0.574425 -0.466918
0.461183 0.818409 0.342808
0.461192 0.818402 0.342813
0.461174 0.818416 0.342802
-0.461180 -0.818411 -0.342807
-0.461160 -0.818428 -0.342792
-0.461200 -0.818393 -0.342823
0.579036 0.015153 -0.815161
0.579034 0.015155 -0.815162
0.579038 0.015152 -0.815160
0.672325 -0.574424 0.466921
0.672324 -0.574425 0.466922
0.672327 -0.574423 0.466921
-0.579044 -0.015144 0.815155
-0.579027 -0.015158 0.815168
-0.579062 -0.015130 0.815143
-0.672326 0.574426 -0.466919
-0.672326 0.574426 -0.466919
-0.672326 0.574425 -0.466920
0.461194 0.818399 0.342816
0.461194 0.818399 0.342815
0.461195 0.818399 0.342816
-0.461208 -0.818387 -0.342826
-0.461200 -0.818394 -0.342819
-0.461217 -0.818380 -0.342832
0.579050 0.015144 -0.815152
0.579058 0.015135 -0.815146
0.579041 0.015152 -0.815158
0.672327 -0.574423 0.466920
0.672326 -0.574424 0.466921
0.672328 -0.574423 0.466920
-0.579064 -0.015132 0.815142
-0.579087 -0.015113 0.815125
-0.579040 -0.015150 0.815158
-0.672326 0.574424 -0.466920
-0.672326 0.574424 -0.466920
-0.672326 0.574425 -0.466920
0.461181 0.818411 0.342804
0.461150 0.818437 0.342785
0.461212 0.818386 0.342824
-0.461144 -0.818442 -0.342782
-0.461139 -0.818446 -0.342779
-0.461149 -0.818437 -0.342786
0.978983 -0.058235 -0.195452
0.978973 -0.058284 -0.195487
0.978993 -0.058186 -0.195417
0.120384 -0.608579 0.784308
0.120381 -0.608589 0.784301
0.120386 -0.608568 0.784316
-0.978998 0.058159 0.195396
-0.979001 0.058147 0.195386
-0.978996 0.058171 0.195405
-0.120396 0.608516 -0.784356
-0.120392 0.608537 -0.784340
-0.120400 0.608494 -0.784371
0.164611 0.791382 0.588742
0.164610 0.791383 0.588741
0.164613 0.791381 0.588743
-0.164610 -0.791383 -0.588742
-0.164610 -0.791383 -0.588742
-0.164610 -0.791383 -0.588742
0.863643 -0.325389 -0.385023
0.863643 -0.325388 -0.385024
0.863643 -0.325390 -0.385022
0.406891 -0.000962 0.913476
0.406884 -0.000960 0.913479
0.406899 -0.000965 0.913473
-0.863645 0.325385 0.385021
-0.863645 0.325385 0.385021
-0.863645 0.325385 0.385021
-0.406874 0.000956 -0.913484
-0.406857 0.000948 -0.913492
-0.406892 0.000964 -0.913476
0.297586 0.945587 -0.131556
0.297593 0.945585 -0.131559
0.297579 0.945590 -0.131554
-0.297598 -0.945583 0.131564
-0.297574 -0.945592 0.131551
-0.297622 -0.945573 0.131577
-0.431068 -0.863923 -0.260416
-0.431068 -0.863923 -0.260417
-0.431068 -0.863923 -0.260417
-0.838671 -0.544639 -0.000000
-0.838670 -0.544639 -0.000001
-0.838670 -0.544640 -0.000001
0.431069 0.863923 0.260416
0.431068 0.863923 0.260416
0.431068 0.863923 0.260416
0.838670 0.544640 0.000001
0.838670 0.544640 0.000001
0.838670 0.544640 0.000001
-0.255700 0.393716 -0.882953
-0.255700 0.393716 -0.882953
-0.255701 0.393715 -0.882953
0.255697 -0.393722 0.882951
0.255700 -0.393717 0.882952
0.255703 -0.393711 0.882954
0.431068 0.863923 0.260416
0.431068 0.863923 0.260417
0.431068 0.863924 0.260416
-0.838668 -0.544643 -0.000002
-0.838667 -0.544645 -0.000003
-0.838669 -0.544641 -0.000002
-0.431068 -0.863924 -0.260415
-0.431068 -0.863923 -0.260416
-0.431068 -0.863924 -0.260415
0.838669 0.544641 0.000001
0.838670 0.544639 -0.000001
0.838669 0.544642 0.000002
-0.255698 0.393721 -0.882951
-0.255701 0.393715 -0.882953
-0.255695 0.393728 -0.882949
0.255692 -0.393732 0.882948
0.255690 -0.393735 0.882947
0.255694 -0.393729 0.882949
-0.431068 -0.863924 -0.260416
-0.431068 -0.863924 -0.260416
-0.431068 -0.863924 -0.260415
-0.838669 -0.544641 -0.000001
-0.838670 -0.544640 0.000000
-0.838671 -0.544638 0.000001
0.431068 0.863923 0.260416
0.431068 0.863924 0.260416
0.431068 0.863924 0.260415
0.838672 0.544636 -0.000001
0.838670 0.544640 0.000000
0.838668 0.544643 0.000002
-0.255692 0.393732 -0.882948
-0.255691 0.393733 -0.882948
-0.255691 0.393733 -0.882947
0.255691 -0.393736 0.882946
0.255693 -0.393732 0.882947
0.255694 -0.393729 0.882949
0.431068 0.863924 0.260416
0.431068 0.863924 0.260415
0.431068 0.863923 0.260417
-0.838672 -0.544636 0.000001
-0.838672 -0.544636 0.000001
-0.838672 -0.544637 0.000001
-0.431068 -0.863923 -0.260417
-0.431068 -0.863923 -0.260417
-0.431069 -0.863923 -0.260417
0.838670 0.544639 -0.000000
0.838671 0.544639 -0.000000
0.838670 0.544639 -0.000000
-0.255689 0.393739 -0.882946
-0.255693 0.393730 -0.882948
-0.255685 0.393747 -0.882943
0.255690 -0.393737 0.882946
0.255687 -0.393742 0.882945
0.255692 -0.393732 0.882948
0.480887 -0.740502 -0.469472
0.480887 -0.740502 -0.469472
0.480887 -0.740502 -0.469472
-0.838671 -0.544639 0.000002
-0.838671 -0.544639 0.000001
-0.838670 -0.544639 -0.000000
-0.480888 0.740502 0.469471
-0.480888 0.740502 0.469471
-0.480888 0.740502 0.469471
0.838670 0.544639 -0.000000
0.838670 0.544639 -0.000000
0.838670 0.544639 -0.000000
-0.255693 0.393732 -0.882948
-0.255693 0.393732 -0.882947
-0.255693 0.393732 -0.882947
0.255692 -0.393732 0.882948
0.255693 -0.393732 0.882948
0.255693 -0.393732 0.882948
-0.542567 0.835479 0.087155
-0.255693 0.393733 -0.882947
-0.255693 0.393733 -0.882947
-0.255693 0.393733 -0.882947
0.480885 -0.740498 -0.469482
-0.838667 -0.544644 0.000011
-0.838671 -0.544638 -0.000002
-0.838675 -0.544633 -0.000015
-0.480894 0.740513 0.469449
-0.480897 0.740516 0.469440
-0.480899 0.740520 0.469432
0.838662 0.544652 -0.000030
0.838665 0.544648 -0.000021
0.838667 0.544644 -0.000011
-0.255692 0.393732 -0.882948
-0.255692 0.393732 -0.882948
-0.255692 0.393732 -0.882948
0.255693 -0.393732 0.882947
0.255693 -0.393732 0.882947
-0.542566 0.835479 0.087155
-0.542567 0.835479 0.087155
-0.542567 0.835479 0.087155
-0.542567 0.835479 0.087155
-0.542566 0.835479 0.087156
-0.542566 0.835479 0.087156
0.740810 -0.206147 -0.639300
0.740809 -0.206150 -0.639300
0.740808 -0.206153 -0.639300
-0.201509 -0.976114 0.081211
-0.201509 -0.976114 0.081211
-0.201509 -0.976114 0.081212
-0.740815 0.206119 0.639303
-0.740818 0.206108 0.639303
-0.740820 0.206096 0.639304
0.201509 0.976114 -0.081211
0.201509 0.976114 -0.081211
0.201508 0.976114 -0.081211
-0.640769 0.068673 -0.764656
-0.640769 0.068676 -0.764656
-0.640768 0.068679 -0.764657
0.640770 -0.068670 0.764655
0.640771 -0.068669 0.764655
0.640771 -0.068668 0.764655
0.740812 -0.206136 -0.639301
0.740813 -0.206132 -0.639301
0.740813 -0.206128 -0.639302
-0.201509 -0.976114 0.081211
-0.201509 -0.976114 0.081211
-0.201509 -0.976114 0.081211
-0.740810 0.206145 0.639301
-0.740811 0.206138 0.639301
-0.740813 0.206132 0.639301
0.201509 0.976114 -0.081211
0.201509 0.976114 -0.081211
0.201508 0.976114 -0.081211
-0.640771 0.068663 -0.764656
-0.640770 0.068667 -0.764656
-0.640769 0.068671 -0.764656
0.640772 -0.068665 0.764654
0.640770 -0.068673 0.764655
0.640768 -0.068682 0.764656
0.740815 -0.206123 -0.639302
0.740814 -0.206126 -0.639301
0.740814 -0.206128 -0.639301
-0.201509 -0.976114 0.081210
-0.201509 -0.976114 0.081211
-0.201509 -0.976114 0.081211
-0.740817 0.206114 0.639303
-0.740813 0.206127 0.639302
-0.740810 0.206140 0.639301
0.201509 0.976114 -0.081211
0.201509 0.976114 -0.081211
0.201510 0.976114 -0.081211
-0.640770 0.068666 -0.764656
-0.640771 0.068662 -0.764656
-0.640772 0.068658 -0.764655
0.640776 -0.068648 0.764653
0.640775 -0.068650 0.764653
0.640775 -0.068651 0.764653
0.740816 -0.206116 -0.639303
0.740816 -0.206114 -0.639303
0.740816 -0.206112 -0.639304
-0.201509 -0.976114 0.081212
-0.201509 -0.976114 0.081211
-0.201509 -0.976114 0.081210
-0.740814 0.206121 0.639303
-0.740816 0.206116 0.639303
-0.740817 0.206110 0.639303
0.201508 0.976114 -0.081211
0.201509 0.976114 -0.081211
0.201509 0.976114 -0.081210
-0.640772 0.068657 -0.764655
-0.640771 0.068664 -0.764655
-0.640770 0.068672 -0.764656
0.640771 -0.068666 0.764655
0.640771 -0.068666 0.764655
0.640771 -0.068665 0.764655
0.200479 -0.712412 -0.672515
0.200515 -0.712421 -0.672495
0.200550 -0.712430 -0.672475
-0.478215 -0.670277 0.567485
-0.478155 -0.670291 0.567519
-0.478094 -0.670305 0.567554
-0.200370 0.712388 0.672574
-0.200467 0.712410 0.672521
-0.200564 0.712433 0.672468
0.478090 0.670307 -0.567555
0.478085 0.670308 -0.567558
0.478081 0.670309 -0.567560
-0.855109 0.207719 -0.475018
-0.855109 0.207719 -0.475018
-0.855109 0.207719 -0.475018
0.855110 -0.207718 0.475017
0.855109 -0.207718 0.475017
0.855109 -0.207718 0.475018
0.480888 -0.740502 -0.469472
0.480888 -0.740502 -0.469472
0.480888 -0.740501 -0.469473
-0.838669 -0.544642 -0.000002
-0.838671 -0.544639 -0.000000
-0.838673 -0.544636 0.000002
-0.480888 0.740502 0.469472
-0.480888 0.740502 0.469472
-0.480888 0.740502 0.469472
0.838668 0.544642 0.000002
0.838672 0.544637 -0.000001
0.838675 0.544632 -0.000004
-0.255686 0.393722 -0.882954
0.255689 -0.393726 0.882951
0.255689 -0.393726 0.882951
0.255689 -0.393726 0.882952
-0.185134 0.178360 -0.966392
-0.185134 0.178360 -0.966392
-0.185134 0.178361 -0.966392
-0.568496 0.488563 -0.661905
-0.568497 0.488565 -0.661903
-0.568495 0.488562 -0.661907
0.185135 -0.178360 0.966392
0.185136 -0.178359 0.966392
0.185134 -0.178360 0.966392
0.568499 -0.488566 0.661901
0.568500 -0.488567 0.661899
0.568497 -0.488565 0.661903
-0.638330 -0.769510 -0.019723
-0.638333 -0.769507 -0.019737
-0.638327 -0.769513 -0.019709
0.638335 0.769506 0.019742
0.638337 0.769503 0.019757
0.638332 0.769508 0.019727
0.185135 -0.178361 0.966392
0.185135 -0.178359 0.966392
0.185135 -0.178358 0.966392
-0.568506 0.488569 -0.661893
-0.568498 0.488565 -0.661902
-0.568491 0.488561 -0.661911
-0.185133 0.178361 -0.966392
-0.185134 0.178360 -0.966392
-0.185135 0.178360 -0.966392
0.568494 -0.488562 0.661907
0.568496 -0.488564 0.661905
0.568497 -0.488565 0.661902
-0.638336 -0.769504 -0.019753
-0.638331 -0.769510 -0.019719
-0.638325 -0.769515 -0.019685
0.638336 0.769504 0.019750
0.638335 0.769505 0.019745
0.638334 0.769506 0.019741
-0.185135 0.178358 -0.966392
-0.185135 0.178357 -0.966392
-0.185135 0.178360 -0.966392
-0.568491 0.488559 -0.661913
-0.568493 0.488561 -0.661909
-0.568489 0.488556 -0.661916
0.185134 -0.178360 0.966392
0.185134 -0.178359 0.966392
0.185134 -0.178360 0.966392
0.568495 -0.488561 0.661907
0.568493 -0.488560 0.661910
0.568497 -0.488562 0.661905
-0.638333 -0.769507 -0.019733
-0.638330 -0.769511 -0.019718
-0.638336 -0.769504 -0.019749
0.638333 0.769508 0.019726
0.638329 0.769511 0.019702
0.638337 0.769504 0.019751
0.185135 -0.178358 0.966392
0.185135 -0.178358 0.966392
0.185135 -0.178358 0.966392
-0.568500 0.488565 -0.661901
-0.568496 0.488563 -0.661905
-0.568493 0.488561 -0.661909
-0.185134 0.178360 -0.966392
-0.185135 0.178359 -0.966392
-0.185135 0.178359 -0.966392
0.568498 -0.488564 0.661902
0.568497 -0.488563 0.661904
0.568496 -0.488562 0.661906
-0.638338 -0.769503 -0.019760
-0.638336 -0.769504 -0.019752
-0.638335 -0.769505 -0.019743
0.638326 0.769514 0.019697
0.638327 0.769514 0.019700
0.638327 0.769513 0.019702
0.518985 -0.411300 -0.749325
0.518985 -0.411299 -0.749325
0.518985 -0.411300 -0.749324
-0.568493 0.488562 -0.661908
-0.568493 0.488562 -0.661908
-0.568493 0.488563 -0.661908
-0.518983 0.411300 0.749325
-0.518984 0.411300 0.749325
-0.518983 0.411301 0.749326
0.568493 -0.488563 0.661908
0.568492 -0.488563 0.661909
0.568493 -0.488562 0.661908
-0.638333 -0.769507 -0.019736
-0.638333 -0.769508 -0.019734
-0.638333 -0.769507 -0.019738
0.638333 0.769507 0.019737
0.638332 0.769508 0.019737
0.638335 0.769506 0.019736
-0.727145 0.077933 0.682046
-0.727144 0.077933 0.682046
-0.727145 0.077933 0.682046
-0.638336 -0.769505 -0.019733
-0.638335 -0.769506 -0.019733
-0.638333 -0.769507 -0.019734
0.518939 -0.411355 -0.749326
0.518957 -0.411333 -0.749325
0.518921 -0.411377 -0.749326
-0.568534 0.488512 -0.661910
-0.568514 0.488536 -0.661909
-0.568554 0.488488 -0.661911
-0.518979 0.411307 0.749325
-0.518976 0.411311 0.749325
-0.518983 0.411302 0.749324
0.568452 -0.488611 0.661907
0.568481 -0.488577 0.661908
0.568424 -0.488645 0.661907
-0.638334 -0.769507 -0.019733
-0.638334 -0.769507 -0.019733
-0.638334 -0.769507 -0.019734
0.638334 0.769507 0.019734
0.638333 0.769507 0.019734
0.638334 0.769506 0.019734
-0.727144 0.077934 0.682047
-0.727145 0.077933 0.682046
-0.727144 0.077934 0.682047
-0.727144 0.077934 0.682047
-0.727144 0.077934 0.682046
-0.727144 0.077934 0.682047
0.521651 -0.807593 -0.275087
0.521650 -0.807597 -0.275079
0.521653 -0.807589 -0.275095
0.164961 0.411815 -0.896212
0.164961 0.411813 -0.896213
0.164962 0.411817 -0.896211
-0.521648 0.807603 0.275064
-0.521644 0.807616 0.275035
-0.521653 0.807591 0.275093
-0.164959 -0.411815 0.896212
-0.164958 -0.411815 0.896213
-0.164960 -0.411815 0.896212
-0.837054 -0.422117 -0.348078
-0.837052 -0.422113 -0.348088
-0.837056 -0.422121 -0.348069
0.837067 0.422148 0.348008
0.837063 0.422135 0.348033
0.837071 0.422161 0.347982
0.521651 -0.807593 -0.275087
0.521649 -0.807598 -0.275078
0.521653 -0.807589 -0.275097
0.164960 0.411815 -0.896213
0.164960 0.411814 -0.896213
0.164960 0.411815 -0.896212
-0.521654 0.807591 0.275088
-0.521656 0.807585 0.275103
-0.521652 0.807598 0.275073
-0.164961 -0.411815 0.896212
-0.164962 -0.411815 0.896212
-0.164960 -0.411815 0.896212
-0.837071 -0.422150 -0.347997
-0.837076 -0.422161 -0.347970
-0.837065 -0.422139 -0.348024
0.837059 0.422128 0.348051
0.837059 0.422128 0.348051
0.837060 0.422128 0.348050
0.521657 -0.807580 -0.275117
0.521657 -0.807579 -0.275117
0.521657 -0.807580 -0.275116
0.164960 0.411816 -0.896212
0.164960 0.411815 -0.896213
0.164960 0.411817 -0.896211
-0.521652 0.807594 0.275085
-0.521654 0.807585 0.275104
-0.521649 0.807602 0.275065
-0.164961 -0.411815 0.896212
-0.164962 -0.411814 0.896212
-0.164960 -0.411815 0.896212
-0.837067 -0.422153 -0.348002
-0.837085 -0.422189 -0.347914
-0.837049 -0.422117 -0.348089
0.837057 0.422115 0.348073
0.837056 0.422112 0.348079
0.837058 0.422118 0.348067
0.521650 -0.807597 -0.275079
0.521645 -0.807607 -0.275059
0.521655 -0.807587 -0.275099
0.164960 0.411816 -0.896212
0.164959 0.411814 -0.896213
0.164960 0.411818 -0.896211
-0.521650 0.807597 0.275080
-0.521649 0.807599 0.275073
-0.521651 0.807594 0.275086
-0.164959 -0.411817 0.896212
-0.164957 -0.411818 0.896212
-0.164961 -0.411817 0.896212
-0.837056 -0.422116 -0.348073
-0.837059 -0.422120 -0.348063
-0.837054 -0.422111 -0.348084
0.837058 0.422121 0.348064
0.837057 0.422120 0.348065
0.837058 0.422121 0.348063
0.195439 -0.480704 -0.854826
0.195418 -0.480707 -0.854829
0.195459 -0.480701 -0.854823
-0.025143 0.868893 -0.494362
-0.025091 0.868899 -0.494352
-0.025196 0.868886 -0.494371
-0.195433 0.480703 0.854828
-0.195384 0.480708 0.854836
-0.195482 0.480698 0.854820
0.025097 -0.868899 0.494353
0.025120 -0.868896 0.494357
0.025074 -0.868901 0.494350
-0.980389 -0.118151 -0.157729
-0.980389 -0.118151 -0.157729
-0.980389 -0.118151 -0.157730
0.980389 0.118150 0.157730
0.980389 0.118149 0.157729
0.980389 0.118151 0.157730
0.518985 -0.411299 -0.749325
0.518985 -0.411298 -0.749325
0.518985 -0.411300 -0.749324
-0.568499 0.488564 -0.661902
-0.568500 0.488566 -0.661899
-0.568497 0.488563 -0.661904
-0.518984 0.411301 0.749324
-0.518983 0.411301 0.749325
-0.518985 0.411301 0.749324
0.568491 -0.488559 0.661913
0.568491 -0.488560 0.661911
0.568490 -0.488559 0.661914
-0.638334 -0.769506 -0.019734
-0.638338 -0.769504 -0.019729
-0.638331 -0.769509 -0.019740
0.638342 0.769500 0.019723
0.638338 0.769504 0.019728
0.638346 0.769497 0.019718
608
1 0 1 2 0 0 0 1
1 1 3 2 0 0 0 1
1 4 5 6 1 1 1 2
1 5 7 6 1 1 1 2
1 8 9 10 2 2 2 1
1 9 11 10 2 2 2 1
1 12 13 14 3 3 3 2
1 13 15 14 3 3 3 2
1 12 16 6 4 4 4 3
1 16 17 6 4 4 4 3
1 18 13 19 5 5 5 3
1 13 7 19 5 5 5 3
1 20 21 22 2 2 2 1
1 20 23 21 2 2 2 1
1 24 25 26 1 1 1 2
1 24 27 25 1 1 1 2
1 28 29 30 0 0 0 1
1 28 31 29 0 0 0 1
1 32 33 34 3 3 3 2
1 32 35 33 3 3 3 2
1 24 36 34 4 4 4 3
1 24 37 36 4 4 4 3
1 38 33 39 5 5 5 3
1 38 27 33 5 5 5 3
1 40 41 42 0 0 0 1
1 41 43 42 0 0 0 1
1 44 45 46 1 1 1 2
1 45 47 46 1 1 1 2
1 48 49 50 2 2 2 1
1 49 51 50 2 2 2 1
1 52 53 54 3 3 3 2
1 53 55 54 3 3 3 2
1 52 56 46 4 4 4 3
1 56 57 46 4 4 4 3
1 58 53 59 5 5 5 3
1 53 47 59 5 5 5 3
1 60 61 62 2 2 2 1
1 60 63 61 2 2 2 1
1 64 65 66 1 1 1 2
1 64 67 65 1 1 1 2
1 68 69 70 0 0 0 1
1 68 71 69 0 0 0 1
1 72 73 74 3 3 3 2
1 72 75 73 3 3 3 2
1 64 76 74 4 4 4 3
1 64 77 76 4 4 4 3
1 78 73 79 5 5 5 3
1 78 67 73 5 5 5 3
1 80 81 82 6 6 6 1
1 81 83 82 6 6 6 1
1 84 85 86 1 1 1 2
1 85 87 86 1 1 1 2
1 88 89 90 7 7 7 1
1 89 91 90 7 7 7 1
1 92 93 94 3 3 3 2
1 93 95 94 3 3 3 2
1 92 96 86 4 4 4 3
1 96 97 86 4 4 4 3
1 98 93 99 5 5 5 3
1 93 87 99 5 5 5 3
1 100 101 102 8 8 8 1
1 101 103 102 8 8 8 1
1 104 105 106 4 4 4 1
1 104 107 105 4 4 4 1
1 108 109 110 6 6 6 1
1 109 111 110 6 6 6 1
1 112 113 114 1 1 1 2
1 113 115 114 1 1 1 2
1 116 117 118 7 7 7 1
1 117 119 118 7 7 7 1
1 120 121 122 3 3 3 2
1 121 123 122 3 3 3 2
1 120 124 114 4 4 4 3
1 124 125 114 4 4 4 3
1 126 121 127 5 5 5 3
1 121 115 127 5 5 5 3
1 128 129 130 8 8 8 1
1 129 131 130 8 8 8 1
1 132 133 134 8 8 8 1
1 133 135 134 8 8 8 1
1 136 137 138 9 10 10 1
1 137 139 138 10 11 10 1
1 140 141 142 12 13 13 2
1 141 143 142 13 14 13 2
1 144 145 146 15 16 16 1
1 145 147 146 16 17 16 1
1 148 149 150 18 19 19 2
1 149 151 150 19 20 19 2
1 148 152 142 21 22 22 3
1 152 153 142 22 23 22 3
1 154 149 155 24 25 25 3
1 149 143 155 25 26 25 3
1 156 157 158 9 10 10 1
1 157 159 158 10 11 10 1
1 160 161 162 12 13 13 2
1 161 163 162 13 14 13 2
1 164 165 166 15 27 27 1
1 165 167 166 27 28 27 1
1 168 169 170 29 30 30 2
1 169 171 170 30 31 30 2
1 168 172 162 21 22 22 3
1 172 173 162 22 23 22 3
1 174 169 175 32 33 33 3
1 169 163 175 33 34 33 3
1 176 177 178 9 10 10 1
1 177 179 178 10 11 10 1
1 180 181 182 12 12 12 2
1 181 183 182 12 13 12 2
1 184 185 186 15 35 35 1
1 185 187 186 35 36 35 1
1 188 189 190 29 30 30 2
1 189 191 190 30 31 30 2
1 188 192 182 21 22 22 3
1 192 193 182 22 23 22 3
1 194 189 195 32 37 37 3
1 189 183 195 37 38 37 3
1 196 197 198 9 10 10 1
1 197 199 198 10 11 10 1
1 200 201 202 39 40 40 2
1 201 203 202 40 41 40 2
1 204 205 206 42 43 43 1
1 205 207 206 43 36 43 1
1 208 209 210 29 30 30 2
1 209 211 210 30 31 30 2
1 208 212 202 44 45 45 3
1 212 213 202 45 46 45 3
1 214 209 215 32 37 37 3
1 209 203 215 37 38 37 3
1 216 217 218 47 48 48 1
1 217 219 218 48 49 48 1
1 220 221 222 50 51 51 2
1 221 223 222 51 52 51 2
1 224 225 226 53 54 54 1
1 225 227 226 54 55 54 1
1 228 229 230 56 57 57 2
1 229 231 230 57 58 57 2
1 228 232 222 59 60 60 3
1 232 233 222 60 61 60 3
1 234 229 235 62 63 63 3
1 229 223 235 63 64 63 3
1 236 237 238 6 6 6 1
1 237 239 238 6 6 6 1
1 240 241 242 1 1 1 2
1 241 243 242 1 1 1 2
1 244 245 246 7 7 7 1
1 245 247 246 7 7 7 1
1 248 249 250 3 3 3 2
1 249 251 250 3 3 3 2
1 248 252 242 4 4 4 3
1 252 253 242 4 4 4 3
1 254 249 255 5 5 5 3
1 249 243 255 5 5 5 3
1 256 257 258 65 65 66 1
1 256 259 257 65 67 65 1
1 260 261 262 68 68 69 2
1 260 263 261 68 70 68 2
1 264 265 266 71 71 72 1
1 264 267 265 71 73 71 1
1 268 269 270 74 74 75 2
1 268 271 269 74 76 74 2
1 260 272 270 77 77 78 3
1 260 273 272 77 79 77 3
1 274 269 275 80 80 81 3
1 274 263 269 80 82 80 3
1 276 277 278 83 84 84 1
1 277 279 278 84 85 84 1
1 280 281 282 86 87 87 2
1 281 283 282 87 88 87 2
1 284 285 286 89 90 90 1
1 285 287 286 90 91 90 1
1 288 289 290 92 93 93 2
1 289 291 290 93 94 93 2
1 288 292 282 95 96 96 3
1 292 293 282 96 97 96 3
1 294 289 295 98 99 99 3
1 289 283 295 99 100 99 3
1 296 297 298 101 101 102 1
1 296 299 297 101 103 101 1
1 300 301 302 104 104 105 2
1 300 303 301 104 106 104 2
1 304 305 306 107 107 108 1
1 304 307 305 107 109 107 1
1 308 309 310 110 110 111 2
1 308 311 309 110 112 110 2
1 300 312 310 113 113 114 3
1 300 313 312 113 115 113 3
1 314 309 315 116 116 117 3
1 314 303 309 116 118 116 3
1 316 317 318 119 120 120 1
1 317 319 318 120 121 120 1
1 320 321 322 122 123 123 2
1 321 323 322 123 124 123 2
1 324 325 326 125 126 126 1
1 325 327 326 126 127 126 1
1 328 329 330 128 129 129 2
1 329 331 330 129 130 129 2
1 328 332 322 131 132 132 3
1 332 333 322 132 133 132 3
1 334 329 335 134 135 135 3
1 329 323 335 135 136 135 3
1 336 337 338 137 137 138 1
1 336 339 337 137 139 137 1
1 340 341 342 140 140 141 2
1 340 343 341 140 142 140 2
1 344 345 346 143 143 144 1
1 344 347 345 143 145 143 1
1 348 349 350 146 146 147 2
1 348 351 349 146 148 146 2
1 340 352 350 149 149 150 3
1 340 353 352 149 151 149 3
1 354 349 355 152 152 153 3
1 354 343 349 152 154 152 3
1 356 357 358 155 155 156 1
1 356 359 357 155 157 155 1
1 360 361 362 158 159 159 1
1 361 363 362 159 160 159 1
1 364 365 366 161 161 162 1
1 364 367 365 161 163 161 1
1 368 369 370 164 164 165 2
1 368 371 369 164 166 164 2
1 372 373 374 167 167 168 1
1 372 375 373 167 169 167 1
1 376 377 378 170 170 171 2
1 376 379 377 170 172 170 2
1 368 380 378 173 173 174 3
1 368 381 380 173 175 173 3
1 382 377 383 176 176 177 3
1 382 371 377 176 178 176 3
1 384 385 386 179 179 180 1
1 384 387 385 179 181 179 1
1 388 389 390 182 182 183 1
1 388 391 389 182 184 182 1
1 392 393 394 185 185 186 1
1 392 395 393 185 187 185 1
1 396 397 398 188 188 189 2
1 396 399 397 188 190 188 2
1 400 401 402 191 191 192 1
1 400 403 401 191 193 191 1
1 404 405 406 194 194 195 2
1 404 407 405 194 196 194 2
1 396 408 406 197 197 198 3
1 396 409 408 197 199 197 3
1 410 405 411 200 200 201 3
1 410 399 405 200 202 200 3
1 412 413 414 203 203 204 1
1 412 415 413 203 205 203 1
1 416 417 418 206 206 207 2
1 416 419 417 206 208 206 2
1 420 421 422 209 209 210 1
1 420 423 421 209 211 209 1
1 424 425 426 212 212 213 2
1 424 427 425 212 214 212 2
1 416 428 426 215 215 216 3
1 416 429 428 215 217 215 3
1 430 425 431 218 218 219 3
1 430 419 425 218 220 218 3
1 432 433 434 221 221 222 1
1 432 435 433 221 223 221 1
1 436 437 438 224 224 225 2
1 436 439 437 224 226 224 2
1 440 441 442 227 227 228 1
1 440 443 441 227 229 227 1
1 444 445 446 230 230 231 2
1 444 447 445 230 232 230 2
1 436 448 446 233 233 234 3
1 436 449 448 233 235 233 3
1 450 445 451 236 236 237 3
1 450 439 445 236 238 236 3
1 452 453 454 239 239 240 1
1 452 455 453 239 241 239 1
1 456 457 458 242 242 243 2
1 456 459 457 242 244 242 2
1 460 461 462 245 245 246 1
1 460 463 461 245 247 245 1
1 464 465 466 248 248 249 2
1 464 467 465 248 250 248 2
1 456 468 466 251 251 252 3
1 456 469 468 251 253 251 3
1 470 465 471 254 254 255 3
1 470 459 465 254 256 254 3
1 472 473 474 257 257 258 1
1 472 475 473 257 259 257 1
1 476 477 478 260 260 261 2
1 476 479 477 260 262 260 2
1 480 481 482 263 263 264 1
1 480 483 481 263 265 263 1
1 484 485 486 266 266 267 2
1 484 487 485 266 268 266 2
1 476 488 486 269 269 270 3
1 476 489 488 269 271 269 3
1 490 485 491 272 272 273 3
1 490 479 485 272 274 272 3
1 492 493 494 275 275 276 1
1 492 495 493 275 277 275 1
1 496 497 498 278 278 279 2
1 496 499 497 278 280 278 2
1 500 501 502 281 281 282 1
1 500 503 501 281 283 281 1
1 504 505 506 284 284 285 2
1 504 507 505 284 286 284 2
1 496 508 506 287 287 288 3
1 496 509 508 287 289 287 3
1 510 505 511 290 290 291 3
1 510 499 505 290 292 290 3
1 512 513 514 293 294 294 1
1 513 515 514 294 295 294 1
1 516 517 518 296 297 297 2
1 517 519 518 297 298 297 2
1 520 521 522 299 300 300 1
1 521 523 522 300 301 300 1
1 524 525 526 302 303 303 2
1 525 527 526 303 304 303 2
1 524 528 518 305 306 306 3
1 528 529 518 306 307 306 3
1 530 525 531 308 309 309 3
1 525 519 531 309 310 309 3
1 532 533 534 311 311 312 1
1 532 535 533 311 313 311 1
1 536 537 538 314 314 315 2
1 536 539 537 314 316 314 2
1 540 541 542 317 317 318 1
1 540 543 541 317 319 317 1
1 544 545 546 320 320 321 2
1 544 547 545 320 322 320 2
1 536 548 546 323 323 324 3
1 536 549 548 323 325 323 3
1 550 545 551 326 326 327 3
1 550 539 545 326 328 326 3
1 552 553 554 329 330 330 1
1 553 555 554 330 331 330 1
1 556 557 558 332 333 333 2
1 557 559 558 333 334 333 2
1 560 561 562 335 336 336 1
1 561 563 562 336 337 336 1
1 564 565 566 338 339 339 2
1 565 567 566 339 340 339 2
1 564 568 558 341 342 342 3
1 568 569 558 342 343 342 3
1 570 565 571 344 345 345 3
1 565 559 571 345 346 345 3
1 572 573 574 347 347 348 1
1 572 575 573 347 349 347 1
1 576 577 578 350 350 351 2
1 576 579 577 350 352 350 2
1 580 581 582 353 353 354 1
1 580 583 581 353 355 353 1
1 584 585 586 356 356 357 2
1 584 587 585 356 358 356 2
1 576 588 586 359 359 360 3
1 576 589 588 359 361 359 3
1 590 585 591 362 362 363 3
1 590 579 585 362 364 362 3
1 592 593 594 365 366 366 1
1 593 595 594 366 367 366 1
1 596 597 598 368 369 369 2
1 597 599 598 369 370 369 2
1 600 601 602 371 372 372 1
1 601 603 602 372 373 372 1
1 604 605 606 374 375 375 2
1 605 607 606 375 376 375 2
1 604 608 598 377 378 378 3
1 608 609 598 378 379 378 3
1 610 605 611 380 381 381 3
1 605 599 611 381 382 381 3
1 612 613 614 383 383 383 1
1 613 615 614 383 383 383 1
1 616 617 618 384 384 385 1
1 616 619 617 384 386 384 1
1 620 621 622 387 387 387 1
1 621 623 622 387 387 387 1
1 624 625 626 388 389 389 2
1 625 627 626 389 390 389 2
1 628 629 630 391 392 392 1
1 629 631 630 392 393 392 1
1 632 633 634 394 395 395 2
1 633 635 634 395 396 395 2
1 632 636 626 397 398 398 3
1 636 637 626 398 399 398 3
1 638 633 639 400 401 401 3
1 633 627 639 401 401 401 3
1 640 641 642 402 403 403 1
1 641 643 642 403 404 403 1
1 644 645 646 405 406 406 1
1 645 647 646 406 407 406 1
1 648 649 650 408 409 409 1
1 649 651 650 409 410 409 1
1 652 653 654 411 412 412 2
1 653 655 654 412 413 412 2
1 656 657 658 414 415 415 1
1 657 659 658 415 416 415 1
1 660 661 662 417 418 418 2
1 661 663 662 418 419 418 2
1 660 664 654 420 421 421 3
1 664 665 654 421 422 421 3
1 666 661 667 423 424 424 3
1 661 655 667 424 425 424 3
1 668 669 670 426 427 427 1
1 669 671 670 427 428 427 1
1 672 673 674 429 430 430 2
1 673 675 674 430 431 430 2
1 676 677 678 432 433 433 1
1 677 679 678 433 434 433 1
1 680 681 682 435 436 436 2
1 681 683 682 436 437 436 2
1 680 684 674 438 439 439 3
1 684 685 674 439 440 439 3
1 686 681 687 441 442 442 3
1 681 675 687 442 443 442 3
1 688 689 690 444 445 445 1
1 689 691 690 445 446 445 1
1 692 693 694 447 448 448 2
1 693 695 694 448 449 448 2
1 696 697 698 450 451 451 1
1 697 699 698 451 452 451 1
1 700 701 702 453 454 454 2
1 701 703 702 454 455 454 2
1 700 704 694 456 457 457 3
1 704 705 694 457 458 457 3
1 706 701 707 459 460 460 3
1 701 695 707 460 461 460 3
1 708 709 710 462 463 463 1
1 709 711 710 463 464 463 1
1 712 713 714 465 466 466 2
1 713 715 714 466 467 466 2
1 716 717 718 468 469 469 1
1 717 719 718 469 470 469 1
1 720 721 722 471 472 472 2
1 721 723 722 472 473 472 2
1 720 724 714 474 475 475 3
1 724 725 714 475 476 475 3
1 726 721 727 477 478 478 3
1 721 715 727 478 479 478 3
1 728 729 730 480 481 481 1
1 729 731 730 481 482 481 1
1 732 733 734 483 484 484 2
1 733 735 734 484 485 484 2
1 736 737 738 486 487 487 1
1 737 739 738 487 488 487 1
1 740 741 742 489 490 490 2
1 741 743 742 490 491 490 2
1 740 744 734 492 493 493 3
1 744 745 734 493 494 493 3
1 746 741 747 495 496 496 3
1 741 735 747 496 497 496 3
1 748 749 750 498 499 499 1
1 749 751 750 499 500 499 1
1 752 753 754 501 502 502 2
1 753 755 754 502 503 502 2
1 756 757 758 504 505 505 1
1 757 759 758 505 506 505 1
1 760 761 762 507 508 508 2
1 761 763 762 508 509 508 2
1 760 764 754 510 510 510 3
1 764 765 754 510 510 510 3
1 766 761 767 511 512 512 3
1 761 755 767 512 513 512 3
1 768 769 770 514 514 515 1
1 768 771 769 514 516 514 1
1 772 773 774 517 517 518 2
1 772 775 773 517 519 517 2
1 776 777 778 520 520 521 1
1 776 779 777 520 522 520 1
1 780 781 782 523 523 524 2
1 780 783 781 523 525 523 2
1 772 784 782 526 526 527 3
1 772 785 784 526 528 526 3
1 786 781 787 529 529 530 3
1 786 775 781 529 531 529 3
1 788 789 790 532 533 533 1
1 789 791 790 533 534 533 1
1 792 793 794 535 536 536 2
1 793 795 794 536 537 536 2
1 796 797 798 538 539 539 1
1 797 799 798 539 540 539 1
1 800 801 802 541 542 542 2
1 801 803 802 542 543 542 2
1 800 804 794 544 545 545 3
1 804 805 794 545 546 545 3
1 806 801 807 547 548 548 3
1 801 795 807 548 549 548 3
1 808 809 810 550 550 551 1
1 808 811 809 550 552 550 1
1 812 813 814 553 553 554 2
1 812 815 813 553 555 553 2
1 816 817 818 556 556 557 1
1 816 819 817 556 558 556 1
1 820 821 822 559 559 560 2
1 820 823 821 559 561 559 2
1 812 824 822 562 562 563 3
1 812 825 824 562 564 562 3
1 826 821 827 565 565 566 3
1 826 815 821 565 567 565 3
1 828 829 830 568 569 569 1
1 829 831 830 569 570 569 1
1 832 833 834 571 572 572 2
1 833 835 834 572 573 572 2
1 836 837 838 574 575 575 1
1 837 839 838 575 576 575 1
1 840 841 842 577 578 578 2
1 841 843 842 578 579 578 2
1 840 844 834 580 581 581 3
1 844 845 834 581 582 581 3
1 846 841 847 583 584 584 3
1 841 835 847 584 585 584 3
1 848 849 850 586 586 587 1
1 848 851 849 586 588 586 1
1 852 853 854 589 589 590 2
1 852 855 853 589 591 589 2
1 856 857 858 592 592 593 1
1 856 859 857 592 594 592 1
1 860 861 862 595 595 596 2
1 860 863 861 595 597 595 2
1 852 864 862 598 598 599 3
1 852 865 864 598 600 598 3
1 866 861 867 601 601 602 3
1 866 855 861 601 603 601 3
1 868 869 870 604 604 605 1
1 868 871 869 604 606 604 1
1 872 873 874 607 608 608 1
1 873 875 874 608 609 608 1
1 876 877 878 610 610 611 1
1 876 879 877 610 612 610 1
1 880 881 882 613 613 614 2
1 880 883 881 613 615 613 2
1 884 885 886 616 616 617 1
1 884 887 885 616 618 616 1
1 888 889 890 619 619 620 2
1 888 891 889 619 621 619 2
1 880 892 890 622 622 623 3
1 880 893 892 622 624 622 3
1 894 889 895 625 625 626 3
1 894 883 889 625 627 625 3
1 896 897 898 628 628 629 1
1 896 899 897 628 630 628 1
1 900 901 902 631 631 632 1
1 900 903 901 631 633 631 1
1 904 905 906 634 634 635 1
1 904 907 905 634 636 634 1
1 908 909 910 637 637 638 2
1 908 911 909 637 639 637 2
1 912 913 914 640 640 641 1
1 912 915 913 640 642 640 1
1 916 917 918 643 643 644 2
1 916 919 917 643 645 643 2
1 908 920 918 646 646 647 3
1 908 921 920 646 648 646 3
1 922 917 923 649 649 650 3
1 922 911 917 649 651 649 3
1 924 925 926 652 652 653 1
1 924 927 925 652 654 652 1
1 928 929 930 655 655 656 2
1 928 931 929 655 657 655 2
1 932 933 934 658 658 659 1
1 932 935 933 658 660 658 1
1 936 937 938 661 661 662 2
1 936 939 937 661 663 661 2
1 928 940 938 664 664 665 3
1 928 941 940 664 666 664 3
1 942 937 943 667 667 668 3
1 942 931 937 667 669 667 3
1 944 945 946 670 670 671 1
1 944 947 945 670 672 670 1
1 948 949 950 673 673 674 2
1 948 951 949 673 675 673 2
1 952 953 954 676 676 677 1
1 952 955 953 676 678 676 1
1 956 957 958 679 679 680 2
1 956 959 957 679 681 679 2
1 948 960 958 682 682 683 3
1 948 961 960 682 684 682 3
1 962 957 963 685 685 686 3
1 962 951 957 685 687 685 3
1 964 965 966 688 688 689 1
1 964 967 965 688 690 688 1
1 968 969 970 691 691 692 2
1 968 971 969 691 693 691 2
1 972 973 974 694 694 695 1
1 972 975 973 694 696 694 1
1 976 977 978 697 697 698 2
1 976 979 977 697 699 697 2
1 968 980 978 700 700 701 3
1 968 981 980 700 702 700 3
1 982 977 983 703 703 704 3
1 982 971 977 703 705 703 3
1 984 985 986 706 706 707 1
1 984 987 985 706 708 706 1
1 988 989 990 709 709 710 2
1 988 991 989 709 711 709 2
1 992 993 994 712 712 713 1
1 992 995 993 712 714 712 1
1 996 997 998 715 715 716 2
1 996 999 997 715 717 715 2
1 988 1000 998 718 718 719 3
1 988 1001 1000 718 720 718 3
1 1002 997 1003 721 721 722 3
1 1002 991 997 721 723 721 3
1 1004 1005 1006 724 724 725 1
1 1004 1007 1005 724 726 724 1
1 1008 1009 1010 727 727 728 2
1 1008 1011 1009 727 729 727 2
1 1012 1013 1014 730 730 731 1
1 1012 1015 1013 730 732 730 1
1 1016 1017 1018 733 733 734 2
1 1016 1019 1017 733 735 733 2
1 1008 1020 1018 736 736 737 3
1 1008 1021 1020 736 738 736 3
1 1022 1017 1023 739 739 740 3
1 1022 1011 1017 739 741 739 3

Bones: 0
GroupComments: 0
MaterialComments: 0
BoneComments: 0
ModelComment: 0
