// MilkShape 3D ASCII

Frames: 30
Frame: 1

Meshes: 1
"InnerCylinder" 0 0
24
1 484.332031 -1133.835327 279.629272 0.066987 1.000000 -1
1 559.258362 1500.707642 0.000035 0.000000 0.000000 -1
1 559.258362 -1133.835327 0.000035 0.000000 1.000000 -1
1 484.332031 1500.707642 279.629272 0.066987 0.000000 -1
1 279.629150 1500.707642 484.332092 0.250000 0.000000 -1
1 279.629150 -1133.835327 484.332092 0.250000 1.000000 -1
1 -0.000060 -1133.835327 559.258545 0.500000 1.000000 -1
1 -0.000060 1500.707642 559.258545 0.500000 0.000000 -1
1 -279.629303 1500.707642 484.332092 0.750000 0.000000 -1
1 -279.629303 -1133.835327 484.332092 0.750000 1.000000 -1
1 -484.332031 -1133.835327 279.629272 0.933013 1.000000 -1
1 -484.332031 1500.707642 279.629272 0.933013 0.000000 -1
1 -559.258545 1500.707642 0.000035 1.000000 0.000000 -1
1 -559.258545 -1133.835327 0.000035 1.000000 1.000000 -1
1 -484.332031 -1133.835327 -279.629211 0.933013 1.000000 -1
1 -484.332031 1500.707642 -279.629211 0.933013 0.000000 -1
1 -279.629303 1500.707642 -484.331909 0.750000 0.000000 -1
1 -279.629303 -1133.835327 -484.331909 0.750000 1.000000 -1
1 -0.000060 -1133.835327 -559.258301 0.500000 1.000000 -1
1 -0.000060 1500.707642 -559.258301 0.500000 0.000000 -1
1 279.629150 1500.707642 -484.331909 0.250000 0.000000 -1
1 279.629150 -1133.835327 -484.331909 0.250000 1.000000 -1
1 484.332031 -1133.835327 -279.629211 0.066987 1.000000 -1
1 484.332031 1500.707642 -279.629211 0.066987 0.000000 -1
16
-0.866025 0.000000 -0.500000
-1.000000 0.000000 0.000000
-0.866025 0.000000 -0.500000
-0.500000 0.000000 -0.866025
-0.500000 0.000000 -0.866025
-0.000000 0.000000 -1.000000
0.500000 0.000000 -0.866025
0.866025 0.000000 -0.500000
0.866025 0.000000 -0.500000
1.000000 0.000000 0.000000
0.866025 0.000000 0.500000
0.500000 0.000000 0.866025
-0.000000 0.000000 1.000000
-0.500000 0.000000 0.866026
-0.500000 0.000000 0.866026
-0.866025 0.000000 0.500000
24
1 0 1 2 0 1 1 1
1 0 3 1 0 2 1 1
1 4 3 0 3 2 0 1
1 5 4 0 4 3 0 1
1 6 4 5 5 3 4 1
1 6 7 4 5 5 3 1
1 8 7 6 6 5 5 1
1 9 8 6 6 6 5 1
1 10 8 9 7 6 6 1
1 10 11 8 7 8 6 1
1 12 11 10 9 8 7 1
1 13 12 10 9 9 7 1
1 14 12 13 10 9 9 1
1 14 15 12 10 10 9 1
1 16 15 14 11 10 10 1
1 17 16 14 11 11 10 1
1 18 16 17 12 11 11 1
1 18 19 16 12 12 11 1
1 20 19 18 13 12 12 1
1 21 20 18 14 13 12 1
1 22 20 21 15 13 14 1
1 22 23 20 15 15 13 1
1 1 23 22 1 15 15 1
1 2 1 22 1 1 15 1
