// MilkShape 3D ASCII

Frames: 30
Frame: 1

Meshes: 1
"Sphere11" 1 0
10
1 -0.000076 -97.916664 0.000000 0.000000 1.000000 -1
1 99.999924 2.083338 0.000000 0.000000 0.500000 -1
1 -50.000076 2.083338 86.602539 0.333333 0.500000 -1
1 -0.000076 102.083336 0.000000 0.000000 0.000000 -1
1 -0.000076 -97.916664 0.000000 0.333333 1.000000 -1
1 -50.000076 2.083338 -86.602539 0.666667 0.500000 -1
1 -0.000076 102.083336 0.000000 0.333333 0.000000 -1
1 -0.000076 -97.916664 0.000000 0.666667 1.000000 -1
1 99.999924 2.083338 0.000000 1.000000 0.500000 -1
1 -0.000076 102.083336 0.000000 0.666667 0.000000 -1
5
0.000000 -1.000000 0.000000
1.000000 0.000000 0.000000
-0.500000 0.000000 0.866025
0.000000 1.000000 0.000000
-0.500000 0.000000 -0.866025
6
1 0 1 2 0 1 2 1
1 3 2 1 3 2 1 1
1 4 2 5 0 2 4 1
1 6 5 2 3 4 2 1
1 7 5 8 0 4 1 1
1 9 8 5 3 1 4 1
